0.5
0.500898410766718
0.501802051978653
0.502710057854381
0.503621552079994
0.504535654114907
0.505451485549383
0.506368176402226
0.507284871248798
0.508200735074607
0.509114958758137
0.510026764097866
0.51093540816281
0.511840187492919
0.512740441289638
0.513635553979728
0.514524957258709
0.515408131442519
0.51628460619863
0.517153960691646
0.518015823188441
0.518869868847557
0.51971582180286
0.520553450761613
0.521382567528091
0.522203024916633
0.523014714336385
0.523817559927046
0.524611524892689
0.525396601079751
0.52617280821433
0.526940190092904
0.527698811521234
0.528448765156158
0.529190157958097
0.529923110555551
0.530647755589321
0.531364247544692
0.532072745651795
0.532773409300294
0.53346641807222
0.534151955346756
0.534830199243518
0.535501338188906
0.536165569709854
0.536823078271242
0.537474056988962
0.538118707518506
0.538757210503979
0.539389763890623
0.54001656522968
0.540637782820857
0.541253623145523
0.541864264081511
0.542469879874698
0.543070666461147
0.543666778443206
0.544258407007225
0.54484571746895
0.545428869607168
0.546008047818085
0.546583381712765
0.547155061847429
0.547723222451322
0.548288026043858
0.548849623210591
0.549408148404297
0.549963768992576
0.550516591429317
0.551066793666814
0.551614474236978
0.552159798746175
0.552702874989081
0.553243846305031
0.553782833517118
0.554319958020915
0.554855354063251
0.555389121369278
0.555921408073629
0.55645229242455
0.556981936998414
0.557510398650125
0.558037849825306
0.558564341650171
0.559090038915653
0.559614999864903
0.560139374448656
0.560663231197599
0.561186704962512
0.561709875566604
0.562232862246668
0.562755757379296
0.563278663775352
0.563801687927678
0.564324915063247
0.564848467707318
0.565372411945786
0.56589688866278
0.566421942787767
0.566947736363729
0.56747429062488
0.568001791725993
0.568530235243298
0.569059821354282
0.569590555202936
0.570122614619625
0.570656029810228
0.571190951711069
0.571727441046391
0.572265616413952
0.572805575457294
0.573347397979927
0.573891226011
0.574437092967425
0.574985193929065
0.575535507058582
0.576088263349149
0.576643456858605
0.57720127409758
0.577761771683461
0.57832506641351
0.578891295341708
0.579460491515482
0.58003287607838
0.580608417730962
0.581187357008905
0.581769732282351
0.582355672238753
0.582945343086065
0.58353873998542
0.584136123280651
0.584737501814314
0.58534304860587
0.585952924485217
0.586567120181771
0.587185914421721
0.587809345052137
0.58843754169156
0.589070724570737
0.589708878800115
0.59035224910892
0.591001009213652
0.591655109990789
0.592314876676555
0.592980442492415
0.59365178289141
0.594329222331687
0.595012910719146
0.59570281404268
0.596399259898259
0.597102412408575
0.597812304482255
0.598529151207223
0.599253182353435
0.59998455186286
0.600723258074524
0.601469647407496
0.602223891653023
0.602986154039684
0.603756449221172
0.604535126684447
0.605322367420207
0.60611835463502
0.606923206997487
0.607737078731355
0.608560260738086
0.609392945365032
0.610235327072308
0.61108760239028
0.611949920251139
0.61282245022005
0.613705480429528
0.614599215893812
0.615503863433522
0.616419631593355
0.617346730551637
0.618285372021341
0.619235769142207
0.620198136363559
0.621172689317464
0.622159644681795
0.62315922003285
0.624171633687099
0.625197104531684
0.626235851843269
0.627288095094866
0.62835405375024
0.629433947045535
0.630527993757749
0.631636411959715
0.632759418761248
0.633897230036156
0.635049978649608
0.636217758965122
0.637400942879998
0.638599735945667
0.639814340801374
0.641044875576266
0.642291241403976
0.643553955818454
0.644833203238884
0.646128909814197
0.647441124804259
0.648770333834392
0.650116452625777
0.651479341433263
0.652859610200975
0.654256823644999
0.655671296387831
0.657103207408144
0.658552076774772
0.660018688671269
0.661502033180583
0.663003212689426
0.664520987227035
0.666056455178192
0.667608481934224
0.669177804723631
0.670763764764448
0.672366346868127
0.673985772544087
0.675620850304776
0.677272330937084
0.678939755614991
0.680622224567987
0.682320196540727
0.684033318756837
0.685760470786788
0.687501917600532
0.689257340793606
0.691026297519524
0.692807692518162
0.69460161098071
0.696407634262881
0.698225239330296
0.700053885295023
0.701892640232313
0.703741141910766
0.705598988728786
0.707465579428655
0.709340300953817
0.711222529863024
0.713111633784908
0.715006972905134
0.716907553393513
0.718813060183463
0.720722864674575
0.722636310688777
0.72455274215526
0.726471504632735
0.728391946807455
0.730313421959225
0.732235289388068
0.734156915794519
0.736077676607073
0.737996944955637
0.739913806271328
0.741827980070352
0.743738886633633
0.74564596068666
0.74754865231672
0.7494464278074
0.751338770388703
0.753225180901758
0.755105178377707
0.756978210753264
0.758843459239512
0.760700933938391
0.762550229703444
0.764390961355999
0.766222763775107
0.768045291912955
0.7698576351859
0.771659849369792
0.773451836356831
0.775233330207641
0.777004084289707
0.77876290421965
0.78051049282784
0.782246676495192
0.783971165729779
0.785682876599643
0.787382679562936
0.789070453151141
0.790745072827037
0.792407148434165
0.794056889205508
0.795693021338279
0.797316452129248
0.798927088739888
0.800523912524009
0.802108169898246
0.803678620504315
0.805236072836685
0.806780130693096
0.808310733933316
0.80982818810305
0.811331985725198
0.812822713529768
0.814299828336195
0.815763788699139
0.81721441467587
0.818651641387265
0.820076035711767
0.821486630705346
0.822884689616675
0.824269232715684
0.825640870531195
0.827000026518814
0.828345488873534
0.829678556861327
0.830999256828675
0.832306553953892
0.833601602113387
0.834884446799246
0.836154608824518
0.837412323224113
0.838658041421488
0.839891824717203
0.841113362280806
0.842322786401458
0.843520529054144
0.844706665974749
0.845881276112132
0.847044299430299
0.848195623284943
0.849335715779897
0.85046466592807
0.851582564972996
0.852689506214326
0.853785584838613
0.85487089775541
0.85594554343874
0.857009592929617
0.858063045623427
0.859106167220367
0.860139060056898
0.861161827317821
0.862174572911435
0.863177401349861
0.864170417634442
0.865153727146192
0.866127435541158
0.86709164865067
0.868046472386333
0.868991990643641
0.869928179453808
0.870855274368246
0.871773381640418
0.872682607186858
0.873583056517815
0.874474834671991
0.875358046155206
0.876232794882904
0.877099184126367
0.877957207246707
0.878806804848491
0.879648334713809
0.880481897832743
0.881307594317697
0.882125523369026
0.882935626072488
0.883737836826795
0.88453256257207
0.885319899250488
0.886099941744133
0.886872483899237
0.887637673791276
0.888395841454286
0.889147077965913
0.889891224730837
0.890628274734184
0.891358656112085
0.892082455838818
0.892799314697426
0.893509575178634
0.894213506179837
0.894910997113978
0.895601853044593
0.896286623862133
0.896965315344356
0.89763746385449
0.898303763520086
0.898964216195484
0.899618334176282
0.900266831284799
0.90090959660906
0.901546339959258
0.902177681999938
0.902803301096924
0.903423304208203
0.904038117123822
0.904647119842269
0.905250995294547
0.905849594198599
0.906442787390314
0.90703112583016
0.907613946059714
0.908191981857135
0.908764916130746
0.909332891014494
0.90989613446259
0.910454284995527
0.911008015318033
0.911556587390342
0.912100842647246
0.912640213608982
0.913175216832281
0.913705570828954
0.914231539910287
0.914753057965204
0.915270205682202
0.915783065660681
0.916291599712999
0.916795976295707
0.917296099349792
0.917792164014503
0.918284073756192
0.918771994767273
0.919255883961364
0.919735826366385
0.920211882922394
0.920684008555227
0.921152415598594
0.921616883088465
0.922077819036507
0.922534783822445
0.922988404634097
0.923438036814623
0.923884372027879
0.924326960430938
0.924766157949308
0.92520186546015
0.925634070072809
0.926063055234213
0.926488408649097
0.926910696214769
0.927329466633767
0.927745101189179
0.928157529819913
0.928566645835947
0.9289728387748
0.929375605968032
0.929775468577793
0.930172250554831
0.930565910285794
0.930956782941745
0.931344423317741
0.93172927162536
0.932111260583258
0.932490205218544
0.932866492177446
0.933239827531238
0.933610380005214
0.933978348075738
0.934343308364068
0.934705705837758
0.935065506258677
0.935422443625197
0.935776915928278
0.936128782072145
0.936477949395042
0.936824719196113
0.937168902957247
0.937510517951988
0.937849800933497
0.938186544914396
0.938520818441068
0.938852823477656
0.939182361303621
0.93950949754658
0.939834426885711
0.940156983516217
0.940477180165346
0.940795229609255
0.941111021645059
0.941424470077734
0.941735829165803
0.942045065150963
0.94235195061392
0.942656802804732
0.942959638561397
0.94326018531321
0.94355870816561
0.943855268409504
0.944149718574574
0.944442083927134
0.944732538822071
0.945021076296761
0.945307450445183
0.945591964661275
0.94587463415749
0.946155310378669
0.946434043266669
0.946710979920218
0.946986134952115
0.947259255064821
0.947530611563048
0.947800232964237
0.94806806416456
0.948333988261887
0.948598222331784
0.94886077998173
0.949121553618804
0.94938054193354
0.949637897073721
0.949893632108744
0.95014761579431
0.950399904085315
0.95065061376671
0.950899757391129
0.951147206362664
0.951393020690466
0.951637308779347
0.951880082685953
0.952121240414265
0.952360797553969
0.952598878722189
0.952835495499776
0.95307059427165
0.953304102112694
0.953536182234653
0.953766845762168
0.953996103716396
0.954223765170527
0.954450041706547
0.95467494753358
0.954898493239783
0.955120582567839
0.955341244933769
0.955560580647221
0.955778599881538
0.955995312715846
0.956210546708243
0.956424492285144
0.956637163292023
0.956848569414667
0.957058670342575
0.957267398489105
0.957474892317382
0.957681161136605
0.957886214170336
0.958089985607161
0.95829246643249
0.958493760555023
0.958693876841467
0.958892824077315
0.959090537111075
0.959287012648275
0.959482346813992
0.95967654805566
0.959869624743719
0.960061535995381
0.960252236529951
0.960441838862147
0.960630351042219
0.96081778104744
0.96100413354589
0.96118927825585
0.961373365886139
0.961556404110808
0.961738400534748
0.961919362694376
0.962099222101781
0.962278001770714
0.962455770863871
0.962632536633483
0.962808306266897
0.962983086887231
0.963156768197186
0.963329463263115
0.963501191687748
0.963671960327868
0.963841775979398
0.964010637568228
0.964178444523541
0.964345319821395
0.964511270005539
0.96467630156205
0.964840420919915
0.965003631842478
0.965165829637811
0.965327135399683
0.965487555320738
0.965647095539522
0.965805762141025
0.965963561157219
0.966120414097522
0.966276386887795
0.966431510997846
0.966585792240381
0.966739236377863
0.966891849123009
0.967043606184887
0.967194469773715
0.967344519863724
0.967493761962074
0.967642201528772
0.96778984397715
0.96793669467433
0.968082703421848
0.968227889428168
0.968372300482805
0.96851594176208
0.968658818398502
0.968800935481207
0.968942298056385
0.969082856746542
0.969222633870419
0.969361672271723
0.969499976819482
0.969637552342002
0.969774403627266
0.969910535423337
0.970045922958851
0.970180543703726
0.970314459803069
0.970447675840372
0.970580196361257
0.970712025873849
0.970843168849146
0.970973629721385
0.971103348115095
0.97123237738799
0.971360738411559
0.971488435468618
0.971615472807096
0.971741854640375
0.971867585147629
0.971992668474163
0.972117037080164
0.97224076291525
0.972363854513101
0.972486315879604
0.972608150988482
0.97272936378161
0.972849958169326
0.972969938030732
0.973089253814127
0.973207945383784
0.973326034533006
0.973443525012435
0.973560420543043
0.973676724816418
0.973792441495049
0.973907574212602
0.974022113638864
0.974136022752453
0.974249359239427
0.974362126614991
0.974474328366955
0.974585967955995
0.974697048815921
0.97480757435392
0.974917547950821
0.975026957568488
0.975135775340262
0.975244051711355
0.975351789954306
0.975458993316583
0.975565665020817
0.975671808265034
0.975777426222894
0.975882522043914
0.975987098853697
0.976091109044869
0.97619459972354
0.976297581130578
0.976400056293425
0.976502028216768
0.97660349988274
0.976704474251139
0.976804954259629
0.976904942823951
0.977004440423238
0.977103401047406
0.977201879309403
0.977299878035024
0.977397400029176
0.977494448076081
0.977591024939454
0.977687133362701
0.977782776069103
0.977877955761994
0.977972675124951
0.978066901387852
0.978160658562463
0.978253963762032
0.978346819589121
0.978439228627455
0.978531193442093
0.978622716579596
0.978713800568192
0.978804447917947
0.978894661120919
0.978984442651329
0.979073756899811
0.979162636717814
0.979251092563153
0.979339126836945
0.979426741923283
0.979513940189389
0.979600723985763
0.979687095646334
0.979773057488602
0.979858611813787
0.97994376090697
0.980028492701464
0.98011279580619
0.980196700787621
0.980280209864747
0.980363325241143
0.980446049105109
0.980528383629803
0.980610330973367
0.980691893279067
0.98077307267541
0.980853871276283
0.98093429118107
0.981014327456375
0.981093957282203
0.981173214940607
0.981252102471622
0.981330621901424
0.981408775242446
0.981486564493499
0.981563991639885
0.981641058653516
0.981717767493021
0.981794120103864
0.981870118418456
0.981945764356258
0.982021049797523
0.982095961085002
0.982170525962713
0.982244746297149
0.982318623942418
0.982392160740344
0.982465358520568
0.982538219100654
0.982610744286182
0.982682935870855
0.982754795636593
0.98282632535363
0.982897526780613
0.982968401664697
0.983038933732215
0.983109128341072
0.98317900183651
0.983248555918673
0.983317792276696
0.983386712588793
0.983455318522345
0.98352361173399
0.983591593869709
0.983659266564911
0.98372663144452
0.983793690123061
0.983860444204738
0.983926895283523
0.983993044943236
0.984058868346886
0.984124390575522
0.984189616305329
0.984254547078611
0.984319184427935
0.984383529876207
0.984447584936752
0.984511351113379
0.98457482990047
0.984638022783045
0.984700931236836
0.984763556728363
0.984825900715007
0.984887964645078
0.984949749957884
0.98501125318558
0.985072458956095
0.985133390579318
0.985194049457772
0.985254436985336
0.985314554547313
0.985374403520498
0.985433985273241
0.985493301165513
0.985552352548972
0.985611140767021
0.985669667154877
0.985727933039629
0.985785939740303
0.985843688567921
0.985901180825561
0.985958417808422
0.986015394322256
0.986072100783157
0.98612855599036
0.98618476120684
0.986240717687996
0.986296426681702
0.986351889428363
0.986407107160976
0.986462081105181
0.986516812479315
0.986571302494468
0.986625552354536
0.986679563256276
0.986733336389355
0.986786872936404
0.986840174073069
0.986893240968064
0.98694607478322
0.986998676673535
0.987051027068584
0.987103147451663
0.987155039494433
0.987206704323967
0.987258143060763
0.987309356818784
0.987360346705513
0.987411113821992
0.987461659262874
0.987511984116466
0.987562089464775
0.987611976383552
0.987661645942341
0.987711099204516
0.987760337227331
0.987809361061961
0.987858171753545
0.987906770341229
0.987955157858208
0.988003334026214
0.988051283733518
0.988099025575517
0.988146560561085
0.988193889693362
0.988241013969785
0.988287934382138
0.988334651916585
0.988381167553711
0.988427482268561
0.988473597030679
0.988519512804142
0.988565230547602
0.988610751214325
0.98865607575222
0.988701205103884
0.988746140206635
0.988790881992549
0.988835431388494
0.988879789316166
0.988923956692126
0.988967934427835
0.989011719025523
0.98905530384846
0.989098701857677
0.989141913943786
0.98918494099247
0.989227783884524
0.989270443495881
0.989312920697649
0.98935521635614
0.989397331332907
0.989439266484769
0.989481022663849
0.989522600717599
0.989564001488839
0.989605225815779
0.989646274532056
0.989687148466759
0.989727848444466
0.989768375285265
0.989808729804791
0.98984891281425
0.989888925120454
0.989928767525841
0.989968440828512
0.990007942967315
0.99004726633506
0.990086423073881
0.990125413964135
0.990164239781985
0.99020290129942
0.990241399284291
0.990279734500331
0.990317907707185
0.990355919660436
0.990393771111627
0.990431462808292
0.990468995493981
0.990506369908282
0.990543586786851
0.990580646861432
0.990617550859887
0.990654299506214
0.990690893520581
0.990727333619341
0.990763620515061
0.990799754916546
0.99083573752886
0.990871569053351
0.990907250187677
0.990942781625823
0.990978164058132
0.991013393591581
0.991048468102609
0.991083395746315
0.99111817719813
0.991152813129959
0.991187304210193
0.991221651103742
0.991255854472047
0.991289914973106
0.991323833261497
0.991357609988394
0.991391245801592
0.991424741345526
0.991458097261294
0.991491314186672
0.99152439275614
0.9915573336009
0.991590137348896
0.991622804624835
0.991655336050202
0.991687732243287
0.991719993819199
0.991752121389888
0.991784115564161
0.991815976947704
0.9918477061431
0.991879303749849
0.991910770364382
0.991942106580085
0.991973312987314
0.992004388753861
0.992035327314975
0.992066137895087
0.992096821072167
0.992127377421248
0.992157807514443
0.992188111920963
0.992218291207135
0.992248345936418
0.992278276669422
0.992308083963921
0.992337768374873
0.992367330454436
0.992396770751985
0.992426089814125
0.992455288184712
0.992484366404867
0.992513325012992
0.992542164544785
0.992570885533256
0.992599488508747
0.99262797399894
0.99265634252888
0.992684594620985
0.992712730795064
0.992740751568329
0.992768657455416
0.992796448968394
0.992824126616783
0.992851690907568
0.992879142345212
0.992906481431676
0.992933708666424
0.992960824546446
0.99298782956627
0.993014719756605
0.993041496435456
0.993068163783508
0.993094722285216
0.99312117242264
0.993147514675466
0.993173749521014
0.993199877434254
0.99322589888782
0.99325181435202
0.993277624294852
0.993303329182019
0.993328929476935
0.993354425640746
0.993379818132337
0.993405107408347
0.993430293923183
0.993455378129029
0.993480360475863
0.993505241411463
0.993530021381428
0.993554700829183
0.993579280195993
0.993603759920976
0.993628140441116
0.993652422191273
0.993676605604193
0.993700691110526
0.993724679138832
0.993748570115593
0.993772364465228
0.993796062610102
