NaN
NaN
NaN
NaN
NaN
NaN
NaN
NaN
NaN
NaN
NaN
NaN
NaN
NaN
NaN
NaN
NaN
NaN
NaN
NaN
NaN
NaN
NaN
NaN
NaN
NaN
NaN
NaN
NaN
NaN
NaN
NaN
NaN
NaN
NaN
NaN
NaN
NaN
NaN
NaN
NaN
NaN
NaN
NaN
NaN
NaN
NaN
NaN
NaN
NaN
NaN
NaN
NaN
NaN
NaN
NaN
NaN
NaN
NaN
NaN
NaN
NaN
NaN
NaN
NaN
NaN
NaN
NaN
NaN
NaN
NaN
NaN
NaN
NaN
NaN
NaN
NaN
NaN
NaN
NaN
NaN
NaN
NaN
NaN
NaN
NaN
NaN
NaN
NaN
NaN
NaN
NaN
NaN
NaN
NaN
NaN
NaN
NaN
NaN
NaN
NaN
NaN
NaN
NaN
NaN
NaN
NaN
NaN
NaN
NaN
NaN
NaN
NaN
NaN
NaN
NaN
NaN
NaN
NaN
NaN
NaN
NaN
NaN
NaN
NaN
NaN
NaN
NaN
NaN
NaN
NaN
NaN
NaN
NaN
NaN
NaN
NaN
NaN
NaN
NaN
NaN
NaN
NaN
NaN
NaN
NaN
NaN
NaN
NaN
NaN
NaN
NaN
NaN
NaN
NaN
NaN
NaN
NaN
NaN
NaN
NaN
NaN
NaN
NaN
NaN
NaN
NaN
NaN
NaN
NaN
NaN
NaN
NaN
NaN
NaN
NaN
NaN
NaN
NaN
NaN
NaN
NaN
NaN
NaN
NaN
NaN
NaN
NaN
NaN
NaN
NaN
NaN
NaN
NaN
NaN
NaN
NaN
NaN
NaN
NaN
NaN
NaN
NaN
NaN
NaN
NaN
NaN
NaN
NaN
NaN
NaN
NaN
NaN
NaN
NaN
NaN
NaN
NaN
NaN
NaN
NaN
NaN
NaN
NaN
NaN
NaN
NaN
NaN
NaN
NaN
NaN
NaN
NaN
NaN
NaN
NaN
NaN
NaN
NaN
NaN
NaN
NaN
NaN
NaN
NaN
NaN
NaN
NaN
NaN
NaN
NaN
NaN
NaN
NaN
NaN
NaN
NaN
NaN
NaN
NaN
NaN
NaN
NaN
NaN
NaN
NaN
NaN
NaN
NaN
NaN
NaN
NaN
NaN
NaN
NaN
NaN
NaN
NaN
NaN
NaN
NaN
NaN
NaN
NaN
NaN
0.204399798899416
0.19092794706978
0.181081113689821
0.173032746556184
0.16612141795188
0.160012872990998
0.154516319744464
0.149501313084361
0.144881386017664
0.140595735721148
0.136593622364174
0.132837942944861
0.129300520676664
0.125954788386939
0.122783558251818
0.119767838660415
0.11689353321159
0.114149388746835
0.111524630035624
0.109007950767077
0.106594914800091
0.104275001502453
0.102042501475568
0.0998929958312573
0.0978203881345148
0.0958198018260797
0.093887003160069
0.0920181697570794
0.0902107030506325
0.0884602639368183
0.0867635932973862
0.0851184377733079
0.0835229911059026
0.0819729721444197
0.0804687956168525
0.0790055515178566
0.0775842538616376
0.0762006953086243
0.0748543188369931
0.0735438786537493
0.0722669613407878
0.0710223683815727
0.0698099567857244
0.068627532598417
0.0674739237421835
0.0663481193516137
0.0652491481551279
0.0641760771911129
0.0631280105358877
0.062104088046141
0.0611034841182021
0.060125406466251
0.0591690949213259
0.0582338202527683
0.0573188830135323
0.0564236124105924
0.0555473652015009
0.0546895246179784
0.0538494993172612
0.0530268250800792
0.0522214812499842
0.0514323512161579
0.0506589306044561
0.0499007359933957
0.0491578563523081
0.0484296628139999
0.047715370077161
0.0470146152069305
0.0463279261601838
0.0456539512258971
0.044992325137092
0.0443437618337927
0.0437068747704923
0.0430815605653034
0.0424681496009759
0.0418654398228591
0.0412739248276015
0.0406929188549544
0.0401221006009066
0.0395617216903042
0.0390106949870467
0.0384699310835556
0.0379379987834524
0.0374157370155565
0.0369020088237796
0.0363974304769217
0.035901042227312
0.0354133975562505
0.0349335364496534
0.0344621138285149
0.0339980151913569
0.0335421390373775
0.0330932903506314
0.0326521120637897
0.0322178902275551
0.0317907461721172
0.0313705550046628
0.0309568245241906
0.0305500975763744
0.030149494612419
0.0297553948547877
0.0293674818560984
0.0289853838777934
0.0286096599510042
0.0282395025295515
0.0278750468712303
0.0275163918077624
0.0271630023008
0.0268151158608518
0.026472588325128
0.0261350445834559
0.0258027351473279
0.0254754558529272
0.0251528964207806
0.0248352459215229
0.0245223930694875
0.0242140127187708
0.0239101710555644
0.0236109761111771
0.0233160217086611
0.0230252386788103
0.0227389448702048
0.0224567115564468
0.0221784361044844
0.0219041903800335
0.0216340180392214
0.0213676030812858
0.0211048854335517
0.0208460132110513
0.0205908522367839
0.0203392037335451
0.0200910121672748
0.0198464191169259
0.0196052819231206
0.0193674310849977
0.0191328152193283
0.0189015032804327
0.0186734795582702
0.0184485332327512
0.0182266167189632
0.0180076832725871
0.0177919242437633
0.0175790581568036
0.0173690320696337
0.0171618026467219
0.0169573734663113
0.0167558261127444
0.0165569429769319
0.0163606838472177
0.0161670092067058
0.0159759047634276
0.0157874731547315
0.0156015054695071
0.0154179649996716
0.0152368156635143
0.0150580219937278
0.0148816614640982
0.0147076377118332
0.0145358616328876
0.0143663002393119
0.0141989210977996
0.0140336923192038
0.0138706969700569
0.0137098153344801
0.0135509871439201
0.0133941827013391
0.0132393728016055
0.0130865287223044
0.0129356752897216
0.0127867997676974
0.0126398029213269
0.0124946579696558
0.0123513385687171
0.0122098188034677
0.0120700731798877
0.0119321283643679
0.0117959585644772
0.0116614857029663
0.0115286859761735
0.0113975359622139
0.011268012614038
0.0111400932526295
0.0110137555603396
0.0108890550472661
0.0107658996478998
0.0106442584704138
0.0105241106452943
0.0104054356313373
0.0102882132097816
0.010172423478559
0.0100580468466575
0.00994509916119591
0.0098335615747322
0.00972337798798754
0.0096145300543311
0.00950699971027829
0.00940076917052096
0.00929582092305448
0.00919213772439989
0.00908970259491907
0.00898850549779123
0.00888857411955146
0.00878983968480823
0.00869228626754097
0.00859589818240999
0.00850065998061665
0.00840655644584309
0.00831357259026981
0.00822169365066962
0.00813090508457621
0.00804119256652591
0.00795256661575143
0.00786500890675281
0.00777848420428555
0.00769297904772156
0.00760848017488794
0.0075249745187366
0.00744244920407656
0.00736089154436763
0.00728028903857433
0.00720062936807851
0.00712190039365003
0.00704409015247353
0.00696720194763594
0.00689122849305587
0.00681613790283495
0.00674191891585571
0.00666856043276799
0.00659605151334613
0.00652438137389472
0.00645353938470202
0.00638351506753997
0.00631429809320999
0.00624587827913344
0.00617824558698615
0.00611139012037576
0.00604530212256141
0.00597998000617892
0.00591542382705271
0.00585160592455464
0.00578851709627732
0.00572614826824876
0.00566449049289783
0.00560353494705604
0.00554327292999501
0.00548369586149878
0.00542479527997051
0.00536656284057267
0.00530899031340025
0.00525206958168604
0.00519579264003785
0.0051401515927065
0.00508513865188438
0.00503074613603379
0.00497697432969612
0.004923817961682
0.00487125908712901
0.00481929044540833
0.00476790487395395
0.00471709530676475
0.00466685477293241
0.00461717639519469
0.00456805338851359
0.00451947905867794
0.00447144680092978
0.00442395009861448
0.0043769825218536
0.00433053772624057
0.00428460945155837
0.0042391915205191
0.00419427783752478
0.00414986238744909
0.00410593923443967
0.00406250252074066
0.0040195464655348
0.00397707181852701
0.00393507170993308
0.00389353504277074
0.00385245634026037
0.00381183019688757
0.00377165127736046
0.00373191431558405
0.00369261411365172
0.00365374554085317
0.00361530353269873
0.00357728308995967
0.00353967927772425
0.00350248722446916
0.00346570212114606
0.00342931922028312
0.00339333383510103
0.00335774133864337
0.0033225371629211
0.00328771679807083
0.00325327579152663
0.00321920974720524
0.00318551432470424
0.00315218523851321
0.00311921825723743
0.0030866092028339
0.00305435394985971
0.00302244842473218
0.00299089062315852
0.0029596793779686
0.00292880575749297
0.00289826589259423
0.00286805596237723
0.00283817219351867
0.00280861085960728
0.00277936828049424
0.00275044082165377
0.00272182489355366
0.00269351695103562
0.00266551349270511
0.00263781106033085
0.00261040623825342
0.002583295652803
0.00255647597172616
0.00252994390362143
0.00250369619738342
0.00247772964165561
0.0024520410642914
0.00242662733182339
0.00240148534894076
0.00237661205797457
0.00235200443839087
0.0023276595062915
0.00230357431392237
0.00227974594918929
0.00225617153518085
0.00223284822969874
0.00220977322479492
0.00218694374631578
0.00216435705345311
0.00214201043830179
0.00211990122542396
0.00209802677141983
0.00207638446450471
0.00205497172409233
0.00203378600038439
0.00201282477396605
0.00199208681259677
0.00197157036525904
0.00195127094952108
0.00193118616543202
0.00191131364145061
0.00189165103407593
0.00187219602748343
0.0018529463331662
0.00183389968958147
0.0018150538618023
0.00179640664117414
0.00177795584497646
0.00175969931608929
0.00174163492266434
0.00172376055780105
0.00170607413922722
0.00168857360898408
0.00167125693311601
0.00165412210136461
0.00163716712686713
0.00162039004585911
0.00160378891738132
0.00158736182299086
0.00157110686647616
0.00155502217357626
0.00153910589170378
0.00152335618967198
0.0015077712574255
0.00149234930577495
0.0014770885661352
0.00146198729026725
0.0014470437500238
0.00143225623709827
0.00141762306277728
0.00140314255769674
0.00138881307160104
0.00137463297310573
0.00136060064946352
0.00134671450633331
0.0013329729675526
0.00131937447491281
0.0013059174879379
0.00129260048366579
0.00127942195643296
0.00126638041766182
0.0012534743956511
0.00124070243536901
0.00122806309824919
0.00121555496198951
0.00120317662035347
0.00119092668297437
0.00117880377516209
0.00116680653771246
0.00115493362671915
0.00114318371338817
0.00113155548385476
0.00112004763900283
0.00110865889428664
0.00109738797955505
0.00108623363887802
0.00107519463037531
0.00106426972604761
0.0010534577116099
0.00104275738632684
0.00103216756285052
0.00102168706706022
0.00101131473790439
0.00100104942724459
NaN
NaN
NaN
NaN
NaN
NaN
NaN
NaN
NaN
NaN
NaN
NaN
NaN
NaN
NaN
NaN
NaN
NaN
NaN
NaN
NaN
NaN
NaN
NaN
NaN
NaN
NaN
NaN
NaN
NaN
NaN
NaN
NaN
NaN
NaN
NaN
NaN
NaN
NaN
NaN
NaN
NaN
NaN
NaN
NaN
NaN
NaN
NaN
NaN
NaN
NaN
NaN
NaN
NaN
NaN
NaN
NaN
NaN
NaN
NaN
NaN
NaN
NaN
NaN
NaN
NaN
NaN
NaN
NaN
NaN
NaN
NaN
NaN
NaN
NaN
NaN
NaN
NaN
NaN
NaN
NaN
NaN
NaN
NaN
NaN
NaN
NaN
NaN
NaN
NaN
NaN
NaN
NaN
NaN
NaN
NaN
NaN
NaN
NaN
NaN
NaN
NaN
NaN
NaN
NaN
NaN
NaN
NaN
NaN
NaN
NaN
NaN
NaN
NaN
NaN
NaN
NaN
NaN
NaN
NaN
NaN
NaN
NaN
NaN
NaN
NaN
NaN
NaN
NaN
NaN
NaN
NaN
NaN
NaN
NaN
NaN
NaN
NaN
NaN
NaN
NaN
NaN
NaN
NaN
NaN
NaN
NaN
NaN
NaN
NaN
NaN
NaN
NaN
NaN
NaN
NaN
NaN
NaN
NaN
NaN
NaN
NaN
NaN
NaN
NaN
NaN
NaN
NaN
NaN
NaN
NaN
NaN
NaN
NaN
NaN
NaN
NaN
NaN
NaN
NaN
NaN
NaN
NaN
NaN
NaN
NaN
NaN
NaN
NaN
NaN
NaN
NaN
NaN
NaN
NaN
NaN
NaN
NaN
NaN
NaN
NaN
NaN
NaN
NaN
NaN
NaN
NaN
NaN
NaN
NaN
NaN
NaN
NaN
NaN
NaN
NaN
NaN
NaN
NaN
NaN
NaN
NaN
NaN
NaN
NaN
NaN
NaN
NaN
NaN
NaN
NaN
NaN
NaN
NaN
NaN
NaN
NaN
NaN
NaN
NaN
NaN
NaN
NaN
NaN
NaN
NaN
NaN
NaN
NaN
NaN
NaN
NaN
NaN
NaN
NaN
NaN
NaN
NaN
NaN
NaN
NaN
NaN
NaN
NaN
NaN
NaN
NaN
NaN
NaN
NaN
NaN
NaN
NaN
NaN
NaN
NaN
NaN
NaN
NaN
NaN
NaN
NaN
NaN
NaN
NaN
NaN
NaN
NaN
NaN
NaN
NaN
NaN
NaN
NaN
NaN
NaN
NaN
NaN
NaN
NaN
NaN
NaN
NaN
NaN
NaN
NaN
NaN
