0.5
0.500440890259422
0.50088431483033
0.501330222726347
0.501778562209991
0.50222928087571
0.502682325738416
0.503137643329114
0.503595179761641
0.504054880886848
0.504516692260386
0.504980559458314
0.505446427825107
0.505914243049977
0.50638395067522
0.506855496835615
0.507328827679145
0.507803890125724
0.508280631332584
0.508758999318981
0.509238942654331
0.50972041074273
0.510203353961949
0.510687723355909
0.511173471493677
0.511660551283118
0.512148917847723
0.512638526153587
0.513129334215478
0.513621299224472
0.514114382390992
0.514608543273754
0.515103746544941
0.515599954253932
0.516097134757152
0.516595252703418
0.517094280307373
0.51759418491795
0.51809494272907
0.518596523889215
0.519098908635641
0.519602070022082
0.520105992332355
0.520610651645472
0.521116036230465
0.521622125334625
0.52212891108243
0.522636376064644
0.52314451605885
0.523653317216497
0.524162778688701
0.524672890457346
0.525183654684856
0.525695065517137
0.526207127676629
0.526719839882899
0.527233208870429
0.527747238431375
0.528261936658522
0.528777313019343
0.529293376194604
0.529810142049534
0.530327618953256
0.530845830028465
0.531364782288757
0.531884507130741
0.532405009006967
0.532926328782737
0.533448466962297
0.533971475276802
0.53449534869013
0.535020149766467
0.535545871083523
0.536072579800528
0.536600275121574
0.537129020407785
0.537658825655604
0.538189748229539
0.538721811258145
0.539255063566699
0.53978954413882
0.540325290329099
0.540862360130362
0.541400776056229
0.541940618747438
0.542481892011759
0.54302469982274
0.543569033353767
0.544115003823195
0.544662619382358
0.545211969923413
0.545763093866124
0.546316054072503
0.546870925448873
0.54742773730483
0.547986608138062
0.548547526267333
0.549110639784931
0.549675953830681
0.550243581621449
0.550813579786074
0.551386009380301
0.551960991629774
0.552538524369544
0.553118776415392
0.553701756907892
0.554287592545861
0.554876367335617
0.55546812431994
0.556063029443569
0.556661078699129
0.557262442404606
0.557867195570534
0.558475395302696
0.559087221151832
0.559702679335053
0.56032194054276
0.560945122171748
0.56157223985636
0.56220351533572
0.562839003739228
0.563478803490769
0.564123109083438
0.564771951139197
0.565425493253525
0.566083911759373
0.566747227101619
0.567415641726466
0.568089327173589
0.568768313525933
0.569452805193214
0.5701429874795
0.57083892652659
0.571540779068543
0.572248768988926
0.572963032828434
0.573683614691838
0.574410809364723
0.575144783182784
0.575885637556585
0.576633526261575
0.577388710356414
0.578151369999397
0.578921637485157
0.579699652577816
0.5804857035817
0.581279985485891
0.582082697064419
0.58289396267239
0.583714007489806
0.584543102017173
0.585381461112703
0.586229303690407
0.587086852763762
0.587954296700428
0.588831837123448
0.589719782313012
0.590618372771595
0.591527853326947
0.592448473159912
0.593380485828131
0.594324149285229
0.595279725895083
0.596247482440755
0.597227690127607
0.598220624580172
0.599226565832214
0.600245798309517
0.601278610804791
0.602325296444169
0.603386152644638
0.604461481061806
0.60555158752732
0.606656781975254
0.607777378356742
0.608913694542103
0.610065959408172
0.61123443933419
0.612419579364259
0.613621709256893
0.614841161853932
0.616078149830706
0.617332844776951
0.618605828664229
0.619897441324975
0.621207666878839
0.622536975674119
0.623885880615752
0.625254255290865
0.626642635643544
0.628051464850513
0.629480432573996
0.630930539719689
0.63240129264488
0.633893613323079
0.635407088681408
0.636942585390462
0.638499516677281
0.640078886378983
0.641680065621181
0.643303722647901
0.644949985787973
0.646618322918862
0.648309476454486
0.650023441684181
0.651759558607261
0.653518367296902
0.655299839126145
0.657103854256014
0.658930064230175
0.660778239730908
0.662648452961587
0.664540454174506
0.666453958740713
0.668388646681195
0.670344162314633
0.672320114029144
0.674316074184873
0.676331579153657
0.678366129501259
0.680419190316803
0.682490191693157
0.684578529360999
0.686683565478185
0.688804629574946
0.690941019654208
0.693091667955771
0.69525587172588
0.697433056329533
0.699622409472
0.701823095384597
0.704034124916872
0.706254025084711
0.708482578451963
0.710718879204754
0.712962009070231
0.715210191087259
0.717463149399609
0.719720098552787
0.721980099145269
0.72424121157127
0.726503397802772
0.72876581213964
0.731027419281856
0.733286443447798
0.735542966334213
0.737796108584451
0.740044815682527
0.742287584133862
0.744524456228514
0.746754633027394
0.748977338652701
0.75119099844633
0.753395648039698
0.755590690068351
0.757775457920404
0.75994931364217
0.762111169507214
0.764260760489993
0.766397758903516
0.768521650081785
0.770631950009769
0.772728205376284
0.774809993508094
0.776876922190968
0.778928629383957
0.780964782833543
0.782985079594658
0.784989245465859
0.786977034346037
0.788948227520244
0.790902632882138
0.792840084100608
0.794760439737943
0.796663582326852
0.798549417413342
0.800417872572291
0.802268896402204
0.804102457505382
0.805918218612382
0.807716039716814
0.80949635669131
0.811259210049171
0.81300465528416
0.814731728520109
0.816441478576653
0.818134020644723
0.819808739745423
0.821465922354187
0.82310621201398
0.824728742873954
0.826334233212139
0.827922955917477
0.829494086415197
0.831049034336177
0.832586497196819
0.834107932256325
0.835612336656231
0.837100861589667
0.838572602080986
0.840028868778002
0.841468398541422
0.842892734245146
0.844300921537403
0.84569375512495
0.84707144078458
0.848433340474425
0.849780568190228
0.851112851505094
0.852430000429552
0.853732836145769
0.855021398980589
0.85629507232914
0.857554823553747
0.858800771135218
0.860032935191
0.861250976317753
0.862455636378925
0.863647043763554
0.864825328992574
0.865990624501813
0.867142645593967
0.86828196243494
0.869408738498425
0.87052311073152
0.871625217020199
0.872715196020637
0.873793186997923
0.874859329672077
0.875913764071245
0.876956630391948
0.877988068866275
0.879008197682298
0.880017177009826
0.88101517748772
0.882002337208599
0.882978738826704
0.883944542031113
0.884899890238901
0.885844919966566
0.886779766856995
0.887704565607127
0.888619449900702
0.889524552345925
0.890420004417836
0.89130593640524
0.892182477361999
0.893049755062511
0.893907680187715
0.894756461295785
0.895596340611274
0.896427441256668
0.897249884888462
0.89806379167414
0.898868988927673
0.899665731716674
0.900454279947452
0.901234748380235
0.902007250192923
0.902771409403592
0.903527801644484
0.904276551615023
0.905017766743668
0.905751038922171
0.906476945427078
0.907195626554267
0.90790699624337
0.908610940566668
0.909307957916403
0.909998141870997
0.910680977035073
0.911357172364674
0.91202682079415
0.912689422457656
0.913345608365091
0.913995510451666
0.914638569608332
0.915275529142304
0.915906301792388
0.916530634781342
0.917149121313495
0.917761415182835
0.918367756901791
0.918968438584969
0.919562941436367
0.920151997274907
0.920735224752597
0.921312893642576
0.921885145260534
0.92245171467524
0.923013207786021
0.923568980259818
0.924119796497374
0.924665198809201
0.925205607491712
0.925740867278673
0.926271130848427
0.926796471208493
0.927316845305667
0.927832484790067
0.928343218337127
0.928849370953346
0.929350706248797
0.929847581473203
0.930339754293519
0.930827557092704
0.931310796801352
0.931789727661344
0.932264257323879
0.93273451228642
0.933200548790733
0.933662319495872
0.934120073676738
0.934573547411054
0.935023224178165
0.935468583927971
0.935910259018565
0.936347806905691
0.936781624882092
0.937211584360689
0.937637718090382
0.93806027466602
0.938478892920284
0.938894088249223
0.939305494277259
0.939713411300093
0.940117857903436
0.940518655786907
0.940916204758273
0.941310144640188
0.941700798328317
0.942088192122841
0.94247210049241
0.942852924682301
0.943230413378475
0.943604703349232
0.943976002246957
0.944343927886153
0.944708896445563
0.945070880802132
0.945429655256868
0.945785589365096
0.946138550132099
0.946488482189556
0.946835659054668
0.9471799032901
0.947521263486991
0.94785995084366
0.948195773470318
0.948528823072949
0.948859279462979
0.949186963721079
0.94951195500568
0.949834430058846
0.950154247950914
0.950471424483399
0.950786159197321
0.95109837192415
0.95140796883814
0.95171519585606
0.952020054242743
0.952322298514827
0.952622242400344
0.952919906981726
0.953215098032983
0.953507975540918
0.953798640226362
0.954087026928864
0.954373047271568
0.954656919034213
0.954938661738661
0.955218085784793
0.95549536439055
0.955770575373054
0.956043696364226
0.956314574625952
0.956583444627731
0.956850324442422
0.95711512627835
0.957377839406358
0.957638619114596
0.957897482703374
0.958154308896715
0.958409164299261
0.958662157868335
0.958913306164906
0.959162483178594
0.959409774608937
0.959655272682531
0.959898993253219
0.960140831393987
0.960380839578384
0.960619119912775
0.960855687575065
0.961090481847128
0.961323475090303
0.961554803154965
0.9617844805732
0.962012511492403
0.962238746260054
0.962463375815213
0.962686414073172
0.962907874808518
0.963127669920335
0.963345843571361
0.963562482721637
0.96377760056317
0.963991210154966
0.964203166726898
0.964413636317205
0.964622638405114
0.96483018549962
0.96503626245881
0.965240782035478
0.965443885621182
0.965645585200164
0.965845892636689
0.966044786550468
0.966242199472836
0.966438257212177
0.96663297113763
0.966826352505046
0.967018399194753
0.967209011914098
0.967398327109964
0.967586355571136
0.967773107979441
0.967958594910902
0.968142726903567
0.968325586988316
0.968507214482783
0.968687619527307
0.968866812162351
0.969044771762378
0.969221449226882
0.969396945479614
0.969571270150157
0.969744432773818
0.969916442792671
0.970087251664198
0.970256872493363
0.970425370030461
0.970592753334345
0.970759031375859
0.970924213038796
0.971088250196663
0.971251160897315
0.971413002776253
0.971573784359847
0.971733514092297
0.971892200336533
0.972049820124446
0.972206346425399
0.972361855159204
0.972516354355388
0.972669851966751
0.972822355870207
0.972973873867604
0.973124338076141
0.973273817041373
0.973422334261441
0.973569897230557
0.973716513372056
0.973862190039163
0.974006930414563
0.974150665159183
0.974293483185601
0.974435391559957
0.97457639728218
0.974716507286708
0.974855728443184
0.974994067557167
0.975131456147525
0.975267973729105
0.975403630310568
0.975538432435287
0.975672386586085
0.97580549918589
0.975937776598374
0.976069186699313
0.976199740441366
0.976329478658286
0.976458407471543
0.976586532946606
0.976713861093547
0.976840397867625
0.976966149169877
0.977091071884347
0.977215203365959
0.977338567594318
0.977461170249002
0.977583016958318
0.977704113299848
0.977824464800985
0.977944076939466
0.978062922382832
0.978181010846675
0.978298376847418
0.978415025660154
0.978530962512999
0.978646192587593
0.978760721019582
0.978874552899101
0.978987693271254
0.979100096797768
0.979211813259995
0.97932285376768
0.979433223182303
0.979542926322724
0.979651967965616
0.979760352845912
0.979868085657232
0.979975171052316
0.980081573995858
0.980187327232388
0.98029244738581
0.980396938942296
0.980500806349295
0.980604054015934
0.980706686313409
0.980808707575379
0.980910122098345
0.981010929005517
0.981111095871699
0.981210669226042
0.981309653213768
0.981408051944886
0.981505869494546
0.981603109903393
0.981699777177919
0.98179587529081
0.981891408181281
0.98198637975542
0.982080757379831
0.982174575728415
0.982267844776595
0.98236056829568
0.982452750025554
0.98254439367499
0.982635502921958
0.982726081413939
0.982816132768219
0.982905660572199
0.982994668383685
0.98308312356329
0.983171063895887
0.983258495172858
0.983345420831706
0.983431844281838
0.98351776890484
0.983603198054754
0.983688135058344
0.983772583215366
0.983856545798832
0.983940026055273
0.984023017558938
0.98410550835094
0.984187526789572
0.984269076013767
0.984350159137292
0.984430779248991
0.984510939413025
0.98459064266911
0.984669892032752
0.984748690495485
0.984827041025093
0.984904946565844
0.984982410038715
0.985059410480043
0.985135967890184
0.98521209219944
0.985287786234218
0.985363052798761
0.985437894675365
0.985512314624584
0.985586315385435
0.9856598996756
0.985733070191633
0.985805829609152
0.985878180583038
0.985950125747632
0.986021659373569
0.986092773444509
0.986163489787932
0.986233810954825
0.986303739476606
0.986373277865315
0.986442428613785
0.986511194195824
0.986579577066391
0.986647579661767
0.986715204399732
0.986782453679728
0.986849329883036
0.986915835372935
0.986981972494869
0.987047726027037
0.987113109447005
0.987178131689284
0.987242795026995
0.987307101716251
0.987371053996311
0.987434654089732
0.987497904202525
0.987560806524293
0.987623363228393
0.987685576472066
0.987747448396597
0.987808981127447
0.987870176774397
0.987931037431693
0.987991565178174
0.988051743949254
0.988111591184871
0.98817111187809
0.988230308045331
0.98828918168831
0.988347734794165
0.988405969335589
0.98846388727095
0.988521490544422
0.988578781086108
0.988635760812161
0.988692431624909
0.988748795412974
0.988804854051389
0.988860609401719
0.988916063312178
0.988971217617741
0.989026065456604
0.989080607903438
0.989134856362756
0.989188812615907
0.989242478431588
0.989295855565946
0.989348945762686
0.989401750753176
0.989454272256559
0.989506511979846
0.98955847161803
0.98961015285418
0.989661557359544
0.989712686793653
0.989763542804414
0.989814127028212
0.989864441090003
0.989914486603414
0.989964265170836
0.990013774039691
0.99006300800182
0.990111979919637
0.990160691350036
0.990209143839153
0.99025733892245
0.990305278124812
0.990352962960625
0.990400394933871
0.990447575538206
0.990494506257052
0.990541188563675
0.990587623921273
0.990633813783057
0.99067975959233
0.990725462782572
0.990770924777517
0.990816146991233
0.990861130828202
0.990905877683395
0.990950388942352
0.990994665981255
0.991038698695692
0.991082498464189
0.991126068218774
0.991169409297761
0.991212523030489
0.991255410737396
0.991298073730086
0.991340513311404
0.991382730775504
0.991424727407914
0.991466504485613
0.991508063277092
0.991549405042421
0.991590531033321
0.991631442493225
0.991672140657344
0.991712626752732
0.991752901998351
0.991792967605134
0.991832824776048
0.991872474706153
0.991911918582668
0.991951157585032
0.991990192884958
0.992029017598504
0.992067638313651
0.992106058904416
0.992144280511277
0.992182304267294
0.992220131298166
0.992257762722288
0.992295199650808
0.992332443187677
0.992369494429713
0.992406354466648
0.992443024381185
0.992479505249052
0.992515798139055
0.992551904113128
0.992587824226387
0.992623559527185
0.992659111057155
0.992694479851268
0.99272966693788
0.992764673338784
0.992799500069254
0.992834148138101
0.992868618547717
0.992902912294123
0.992937030367019
0.992970973749827
0.993004742198083
0.993038330497918
0.99307174710783
0.993104992985865
0.993138069084031
0.993170976348339
0.99320371571885
0.993236288129721
0.993268694509244
0.993300935779891
0.993333012858357
0.993364926655602
0.993396678076893
0.993428268021847
0.993459697384468
0.993490967053193
0.993522077910928
0.993553030835092
0.993583826697654
0.993614466365175
0.993644950698843
0.993675280554517
0.993705456782761
0.993735480228885
0.993765351732982
0.993795072129963
0.9938246422496
0.993854062916556
0.993883334950426
0.993912459165771
0.993941436372155
0.993970267374182
0.993998952971527
0.994027487480037
0.994055877988661
0.994084125529295
0.994112230881702
0.994140194820895
0.994168018117171
0.994195701536144
0.994223245838777
0.994250651781419
0.994277920115829
0.994305051589218
0.994332046944272
0.99435890691919
0.994385632247713
0.994412223659154
0.99443868187843
0.994465007626091
0.994491201618355
0.994517264567131
0.994543197180055
0.994569000160515
0.994594674207685
0.994620220016548
0.994645638277931
0.99467092967853
0.994696094900939
0.994721134623679
0.994746049521223
0.99477084026403
0.994795507518564
0.99482005194733
0.994844474208894
0.994868774957911
0.994892954845157
0.99491701451755
0.994940954618177
0.99496477578632
0.994988478657483
0.995012061296145
0.99503552448973
0.99505887132016
0.995082102407672
0.995105218368856
0.995128219816675
0.995151107360493
0.995173881606094
0.995196543155711
0.995219092608051
0.99524153055831
0.995263857598206
0.995286074315996
0.995308181296503
0.995330179121136
0.995352068367912
0.995373849611482
0.995395523423152
0.995417090370904
0.995438551019416
0.99545990593009
0.995481155661068
0.995502300767256
0.995523341800343
0.995544279308827
0.995565113838029
0.995585845930121
0.995606476124141
0.995627004956015
0.995647432958581
0.995667760661604
0.995687988591798
0.995708117272847
0.995728147225424
0.99574807896721
0.995767913012913
0.995787649874288
0.995807290060158
0.99582683407643
0.995846282426114
0.995865635609343
0.995884894123394
0.9959040584627
0.995923129118874
0.995942106580725
0.995960991334273
0.995979783862776
0.995998484646737
0.996017090965158
0.996035606242312
0.996054031234569
0.99607236641133
0.996090612239336
0.996108769182682
0.996126837702836
0.996144818258655
0.996162711306404
0.996180517299766
0.996198236689864
0.996215869925278
0.996233417452056
0.996250879713732
0.996268257151346
0.996285550203454
0.996302759306146
0.996319884893061
0.996336927395405
0.996353887241962
0.996370764859112
0.996387560670846
0.996404275098779
0.996420908562167
0.996437461477923
0.996453934260625
0.996470327322539
0.996486641073628
0.996502875921569
0.996519032271764
0.996535110527358
0.996551111089251
0.996567034356113
0.996582880724394
0.996598650588344
0.996614344340022
0.996629962369311
0.996645505063931
0.996660972809453
0.996676365989312
0.99669168498482
0.99670693017518
0.996722101937495
0.996737200646788
0.996752226676008
0.996767180396048
0.996782062175751
0.996796872381929
0.996811611379376
0.996826279530871
0.996840877197202
0.996855404737169
0.996869862507603
0.996884250863373
0.9968985701574
0.996912820740669
0.99692700296224
0.996941117169261
0.996955163706977
0.996969142918745
0.996983055146042
