0.485579752795762,0.525088287227781,0.54156856974691,0.549220129487934,0.550103001765745,0.56430253090053,0.595203060623896,0.600132430841672,0.65818128310771,0.694158328428487,0.66715715126545,0.735285462036492,0.770306062389641,0.797307239552678,0.0969688051795174,0.0406856974690995,0.0255297233666863,0.0275161859917599,0.0178781636256622,0.00434078869923484,0.00713655091230135,0.00588581518540318,0.0050029429075927,0.00838728663919953,0.00206003531489111,0.00389935256032961,0.00250147145379635,0.000956444967628016,0.00176574455562095,0.0011035903472631,0.00272218952324897,0,0.00103001765744556,0,0.00147145379635079,0,0,0,0,0,0.000956444967628016
0.485800470865215,0.532371983519717,0.519496762801648,0.525014714537964,0.561433195997646,0.556945261918776,0.604841082989994,0.610800470865215,0.655826957033549,0.671497939964685,0.702472042377869,0.739258387286639,0.797601530311948,0.845350206003532,0.0754120070629782,0.0600353148911124,0.0377427898763979,0.0205267804590936,0.0311948204826368,0.00721012360211889,0.00875515008828723,0.00323719835197175,0.0104473219540906,0.00882872277810477,0.0011035903472631,0.000956444967628016,0.00103001765744556,0,0,0.000956444967628016,0,0,0,0,0,0,0,0,0,0,0
0.52361683343143,0.502795762213067,0.514420247204238,0.550029429075927,0.552089464390818,0.599911712772219,0.584608593290171,0.610800470865215,0.642142436727487,0.637728075338434,0.714979399646851,0.749779281930547,0.768393172454385,0.839758681577399,0.127133608004709,0.0428193054738081,0.0206003531489111,0.0168481459682166,0.014861683343143,0.00868157739846969,0.00316362566215421,0.00640082401412596,0.00412007062978222,0.00132430841671572,0.00264861683343143,0.00338434373160683,0.00125073572689818,0,0.00161859917598587,0,0.00345791642142437,0.00176574455562095,0,0,0.00257504414361389,0,0.00206003531489111,0,0,0,0
0.502133608004709,0.528472630959388,0.548484402589759,0.523543260741613,0.556577398469688,0.547822248381401,0.585270747498529,0.613375515008829,0.623896409652737,0.664729252501471,0.675029429075927,0.736389052383755,0.76942319011183,0.823204826368452,0.092554443790465,0.0453207769276045,0.0428928781636257,0.00949087698646263,0.0130959387875221,0.00618010594467334,0.0103737492642731,0.00139788110653325,0.00684226015303119,0.00206003531489111,0.00581224249558564,0,0.00228075338434373,0.00301648028251913,0,0.00169217186580341,0,0,0,0,0,0.0042672160094173,0,0,0,0,0
0.537301353737493,0.50058858151854,0.543702177751619,0.540023543260742,0.540906415538552,0.591303708063567,0.616686286050618,0.618157739846969,0.636771630370806,0.663625662154208,0.700853443201883,0.765818128310771,0.766480282519129,0.849470276633314,0.100868157739847,0.0520894643908181,0.0308269570335491,0.0214832254267216,0.00941730429664508,0.0105944673337257,0.016627427898764,0.00250147145379635,0.00294290759270159,0.0050029429075927,0.0050029429075927,0.00492937021777516,0.00801942319011183,0.00485579752795762,0,0.00735726898175397,0,0,0,0,0,0,0,0,0,0,0
0.521483225426722,0.524499705709241,0.55142731018246,0.566068275456151,0.551795173631548,0.547160094173043,0.601236021188935,0.628457916421424,0.597998822836963,0.673852266038846,0.718216597998823,0.728443201883461,0.785682754561507,0.820114773396115,0.0885815185403178,0.0616539140670983,0.0377427898763979,0.0291347851677457,0.0130959387875221,0.0182460270747499,0.00669511477339612,0.00706297822248381,0.00213360800470865,0.0011035903472631,0.00132430841671572,0.0011035903472631,0.00882872277810477,0,0.00360506180105945,0.00117716303708064,0,0.00125073572689818,0,0,0,0.00117716303708064,0,0,0,0,0
0.502501471453796,0.544290759270159,0.504708652148323,0.522145379635079,0.552972336668629,0.569599764567393,0.565994702766333,0.635815185403178,0.654429075927016,0.653619776339023,0.68481459682166,0.729841082989994,0.775750441436139,0.844688051795174,0.844467333725721,0.0656268393172454,0.0513537374926427,0.0199381989405533,0.0123602118893467,0.00860800470865215,0.0116244849911713,0.00515008828722778,0.00566509711595056,0.00125073572689818,0.00353148911124191,0,0.00331077104178929,0.00228075338434373,0,0.00272218952324897,0.000956444967628016,0.00294290759270159,0,0,0,0,0,0,0,0,0
0.479326074161271,0.518098881695115,0.544658622719247,0.527369040612125,0.551942319011183,0.593069452619188,0.588434373160683,0.563566804002354,0.593437316068275,0.664949970570924,0.692245438493231,0.730282519128899,0.802825191288994,0.813566804002354,0.84777810476751,0.878531489111242,0.0300176574455562,0.0244261330194232,0.0180988816951148,0.00713655091230135,0.011035903472631,0.0057386698057681,0.00220718069452619,0.00868157739846969,0.00264861683343143,0.00125073572689818,0.00169217186580341,0.00250147145379635,0.00279576221306651,0.0011035903472631,0,0,0.00183931724543849,0.0011035903472631,0,0,0,0,0,0,0
0.526339022954679,0.506768687463214,0.53737492642731,0.552898763978811,0.5604031783402,0.562536786344909,0.601456739258387,0.619849911712772,0.676500882872278,0.653251912889935,0.715641553855209,0.73984696880518,0.789287816362566,0.812610359034726,0.869261330194232,0.896336080047087,0.919437904649794,0.902736904061212,0.933931724543849,0.928855208946439,0.00544437904649794,0.00551795173631548,0.00566509711595056,0.00809299587992937,0,0.00250147145379635,0.0011035903472631,0,0,0,0,0,0,0,0,0,0,0,0,0,0
0.525382577987051,0.526044732195409,0.50985874043555,0.548263684520306,0.524058269570336,0.535314891112419,0.554296645085344,0.597263095938788,0.641627427898764,0.646777516185992,0.682533843437316,0.734696880517952,0.810182460270747,0.833872866391995,0.84630665097116,0.870953502060035,0.912227781047675,0.904944084755739,0.927972336668629,0.934299587992937,0.949676280164803,0.957916421424367,0.949602707474985,0.969761624484991,0.96740729841083,0.972115950559152,0.979546792230724,0.98594761624485,0.98594761624485,0.982783990582696,0.985211889346674,0.989037669217187,0.992642731018246,0.996909947027663,0,0.989994114184815,0.0011035903472631,0.996689228958211,0,0,0
0.473513831665686,0.564449676280165,0.559593878752207,0.547675103001766,0.554443790464979,0.582180694526192,0.607931135962331,0.602118893466745,0.633166568569747,0.663846380223661,0.678340200117716,0.711374337845792,0.793849323131254,0.824823425544438,0.0850500294290759,0.074014125956445,0.0253825779870512,0.0244997057092407,0.0190553266627428,0.00529723366686286,0.00595938787522072,0.00831371394938199,0.00434078869923484,0.00264861683343143,0.00169217186580341,0.00132430841671572,0.00147145379635079,0.00250147145379635,0,0.00603296056503826,0,0.00169217186580341,0,0,0,0,0,0,0,0,0
0.522218952324897,0.53766921718658,0.53708063566804,0.579752795762213,0.555473808122425,0.547086521483225,0.568128310771042,0.603222483814008,0.630591524426133,0.703869923484403,0.697984108298999,0.745879929370218,0.764199529134785,0.825338434373161,0.0890965273690406,0.0649646851088876,0.0292819305473808,0.0190553266627428,0.00448793407886992,0.00728369629193643,0.00853443201883461,0.00868157739846969,0.00242789876397881,0.0105944673337257,0.00301648028251913,0,0.00257504414361389,0,0.0050029429075927,0,0,0,0,0.00103001765744556,0.00147145379635079,0,0,0,0,0,0
0.530900529723367,0.518908181283108,0.559593878752207,0.530385520894644,0.534432018834609,0.584093584461448,0.597630959387875,0.63905238375515,0.646336080047087,0.654061212477928,0.655679811653914,0.733446144791054,0.790759270158917,0.805253090052972,0.10645968216598,0.0560623896409653,0.0282519128899353,0.0321512654502649,0.00985874043555032,0.00485579752795762,0.00801942319011183,0.004635079458505,0.00250147145379635,0.00147145379635079,0.00338434373160683,0.00169217186580341,0.00117716303708064,0.00132430841671572,0.00103001765744556,0,0,0,0,0,0,0,0,0,0,0,0
0.490656268393172,0.492716303708064,0.515744555620953,0.554443790464979,0.573351971748087,0.58762507357269,0.574234844025898,0.609844025897587,0.638095938787522,0.673484402589759,0.683048852266039,0.759638022366098,0.780238375515009,0.83372572101236,0.0923337257210124,0.06937904649794,0.0292819305473808,0.0181724543849323,0.0136845203060624,0.00272218952324897,0.00993231312536786,0.0057386698057681,0.000956444967628016,0.00272218952324897,0.0011035903472631,0.00139788110653325,0.00117716303708064,0,0.00176574455562095,0,0,0,0,0,0,0,0,0,0,0,0
0.433195997645674,0.531636256621542,0.533696291936433,0.548484402589759,0.57776633313714,0.567245438493231,0.600573866980577,0.605282519128899,0.621689228958211,0.659064155385521,0.682092407298411,0.746542083578576,0.808637433784579,0.81908475573867,0.0791642142436727,0.0476015303119482,0.0191288993525603,0.0169952913478517,0.0169952913478517,0.0011035903472631,0.00728369629193643,0.00331077104178929,0.00338434373160683,0.00360506180105945,0.00132430841671572,0.00419364331959976,0.00147145379635079,0,0.00264861683343143,0.00206003531489111,0,0,0.000956444967628016,0,0.0011035903472631,0,0,0.0011035903472631,0,0,0
0.530238375515009,0.49462919364332,0.5562095350206,0.500956444967628,0.548484402589759,0.595055915244261,0.580782813419659,0.630150088287228,0.633019423190112,0.691362566215421,0.672160094173043,0.739626250735727,0.753384343731607,0.811653914067098,0.869997057092407,0.0625367863449088,0.0378163625662154,0.0123602118893467,0.0114037669217187,0.0127280753384344,0.00698940553266627,0.00654796939376104,0.0125073572689818,0.00441436138905238,0.00375220718069453,0,0,0.00213360800470865,0,0,0,0.0011035903472631,0.00264861683343143,0,0,0,0,0,0,0,0
0.496983519717481,0.532519128899353,0.501912889935256,0.562168922895821,0.56099175985874,0.589832254267216,0.544732195409064,0.591671571512654,0.635373749264273,0.656415538552089,0.701147733961154,0.761477339611536,0.76824602707475,0.815406121247793,0.843878752207181,0.891406709829311,0.895306062389641,0.0189081812831077,0.00897586815773985,0.0103737492642731,0.0100794585050029,0.00294290759270159,0.00757798705120659,0.00978516774573278,0.00103001765744556,0,0,0,0.00147145379635079,0.00139788110653325,0,0,0,0.00125073572689818,0,0.00103001765744556,0,0,0,0,0
0.466377280753384,0.511698057680989,0.513905238375515,0.571439081812831,0.549293702177752,0.547969393761036,0.603369629193643,0.599764567392584,0.649278987639788,0.658402001177163,0.693201883460859,0.72697174808711,0.75927015891701,0.815406121247793,0.85557680988817,0.881989405532666,0.905900529723367,0.917819305473808,0.928560918187169,0.9395968216598,0.00971159505591524,0.0061065332548558,0.965715126545026,0.00228075338434373,0.0011035903472631,0.000956444967628016,0.00125073572689818,0,0,0,0,0,0,0,0,0,0,0,0,0,0
0.539140670982931,0.528987639788111,0.496909947027663,0.52781047675103,0.540244261330194,0.502575044143614,0.580120659211301,0.638684520306062,0.627354326074161,0.643908181283108,0.696659799882284,0.736683343143025,0.761992348440259,0.810771041789288,0.841082989994114,0.87441141848146,0.89773396115362,0.926500882872278,0.935182460270747,0.934299587992937,0.956665685697469,0.970938787522072,0.966303708063567,0.978369629193643,0.970203060623896,0.971748087110065,0.974838140082401,0.98204826368452,0.982416127133608,0.983004708652148,0.99610064743967,0.989331959976457,0.987860506180106,0.992054149499706,0.987198351971748,0.993231312536786,0.993746321365509,0.992201294879341,0.997057092407298,0.99610064743967,0.996174220129488
0.506253678634491,0.493746321365509,0.530606238964097,0.56010888758093,0.57026191877575,0.573940553266627,0.586595055915244,0.6208063566804,0.610800470865215,0.66686286050618,0.689449676280165,0.75029429075927,0.775456150676869,0.814155385520895,0.86484696880518,0.892731018246027,0.913478516774573,0.916789287816363,0.936580341377281,0.932533843437316,0.952324896998234,0.958505002942908,0.957327839905827,0.96681871689229,0.969246615656268,0.978369629193643,0.982416127133608,0.987639788110653,0.981018246027075,0.989920541494997,0.988964096527369,0.986021188934668,0.990876986462625,0.991465567981165,0.991171277221895,0.993967039434962,0.992937021777516,0.993157739846969,0.995070629782225,0.999043555032372,0.994849911712772
0.492348440258976,0.501177163037081,0.530900529723367,0.572248381400824,0.557828134196586,0.55142731018246,0.58733078281342,0.607268981753973,0.621762801648028,0.662154208357858,0.717628016480283,0.769570335491466,0.791936433195998,0.843878752207181,0.090788699234844,0.0520158917010006,0.0243525603296057,0.0363449087698646,0.017583872866392,0.00809299587992937,0.0108151854031783,0.0105944673337257,0.0011035903472631,0.00485579752795762,0.00294290759270159,0.00242789876397881,0.00125073572689818,0,0.000956444967628016,0,0,0,0,0,0,0,0,0.00125073572689818,0,0,0
0.49911712772219,0.503163625662154,0.540612124779282,0.561580341377281,0.580120659211301,0.559299587992937,0.58372572101236,0.602486756915833,0.631768687463214,0.681062389640965,0.690700412007063,0.730723955267805,0.751839317245439,0.802898763978811,0.0723219540906416,0.0431135962330783,0.0331812831077104,0.0202324896998234,0.0130959387875221,0.0042672160094173,0.00904944084755739,0.00632725132430842,0.00470865214832254,0,0.00360506180105945,0.00161859917598587,0.00125073572689818,0,0.00345791642142437,0,0.00147145379635079,0,0,0,0,0,0,0,0,0,0
0.489699823425544,0.526339022954679,0.51375809299588,0.560329605650383,0.534799882283696,0.563051795173632,0.611315479693938,0.618452030606239,0.589464390818128,0.675029429075927,0.690038257798705,0.731386109476162,0.779796939376104,0.823940553266627,0.0729841082989994,0.0681283107710418,0.0270011771630371,0.024941141848146,0.0117716303708064,0.00728369629193643,0.00470865214832254,0.00242789876397881,0.00132430841671572,0.00117716303708064,0.00117716303708064,0,0.00206003531489111,0.00132430841671572,0,0,0,0,0.00125073572689818,0,0,0,0,0,0,0,0
0.516921718658034,0.497572101236021,0.552310182460271,0.530311948204826,0.558637433784579,0.566877575044144,0.587477928193055,0.603884638022366,0.635226603884638,0.656415538552089,0.673116539140671,0.728516774573278,0.784211300765156,0.809078869923484,0.854178928781636,0.0658475573866981,0.0226603884638022,0.0132430841671572,0.0203796350794585,0.0123602118893467,0.00713655091230135,0.0161859917598587,0.00375220718069453,0.00779870512065921,0.00492937021777516,0.00272218952324897,0,0.00882872277810477,0,0,0.00125073572689818,0.00132430841671572,0,0.00154502648616833,0,0,0,0,0,0,0
0.490803413772808,0.538110653325486,0.527957622130665,0.525897586815774,0.585932901706886,0.578869923484403,0.590641553855209,0.599396703943496,0.603443201883461,0.663257798705121,0.698131253678634,0.732931135962331,0.790906415538552,0.830120659211301,0.858593290170689,0.0400235432607416,0.0201589170100059,0.0274426133019423,0.00971159505591524,0.00412007062978222,0.00721012360211889,0.00640082401412596,0.00309005297233667,0.00978516774573278,0,0.000956444967628016,0.00125073572689818,0.00103001765744556,0,0.00183931724543849,0,0,0,0,0,0,0,0,0,0,0
0.516774573278399,0.529944084755739,0.497866391995291,0.524131842260153,0.557313125367863,0.570776927604473,0.58821365509123,0.656783402001177,0.653619776339023,0.651780459093585,0.656194820482637,0.720570924072984,0.7583872866392,0.818275456150677,0.854767510300177,0.870291347851677,0.0167745732783991,0.0239111241907004,0.0144938198940553,0.0123602118893467,0.00824014125956445,0.00735726898175397,0.00478222483814008,0.00206003531489111,0,0.00132430841671572,0.0042672160094173,0.0011035903472631,0.00382577987051207,0,0,0,0,0,0,0,0,0,0,0,0
0.478296056503826,0.500809299587993,0.531341965862272,0.567686874632137,0.551500882872278,0.577619187757504,0.593143025309005,0.588581518540318,0.645526780459094,0.642289582107122,0.681945261918776,0.741465567981165,0.786712772218952,0.811653914067098,0.866097704532078,0.889493819894055,0.902663331371395,0.913772807533843,0.923999411418481,0.945703354914656,0.945629782224838,0.961889346674514,0.949381989405533,0.00220718069452619,0.00220718069452619,0.00338434373160683,0.00235432607416127,0,0.00309005297233667,0,0.0011035903472631,0,0,0,0,0,0,0,0,0,0
0.474249558563861,0.5239111241907,0.526044732195409,0.560329605650383,0.561065332548558,0.56518540317834,0.589390818128311,0.599543849323131,0.598808122424956,0.618746321365509,0.692466156562684,0.724175985874044,0.76765744555621,0.848219540906415,0.850941730429664,0.876912889935256,0.890450264861683,0.923557975279576,0.926059446733373,0.943054738081224,0.955709240729841,0.964537963507946,0.955414949970571,0.968658034137728,0.971453796350795,0.97130665097116,0.984844025897587,0.983740435550324,0.983961153619776,0.980797527957622,0.982416127133608,0.986756915832843,0.982121836374338,0.989699823425544,0.987198351971748,0.993746321365509,0.989920541494997,0.992348440258976,0.993672748675692,0.996909947027663,0.999043555032372
0.503605061801059,0.483887580929959,0.501030017657446,0.570997645673926,0.542598587404356,0.586227192466157,0.58402001177163,0.629120070629782,0.604841082989994,0.650014714537964,0.699896998234255,0.71203649205415,0.795615067686875,0.827177751618599,0.864111241907004,0.89412889935256,0.911933490288405,0.906856974690995,0.92223366686286,0.933931724543849,0.941656856974691,0.951442024720424,0.958357857563273,0.97667745732784,0.965862271924662,0.975941730429664,0.97248381400824,0.979841082989994,0.983961153619776,0.98234255444379,0.98683048852266,0.987786933490288,0.978590347263096,0.990803413772808,0.990214832254267,0.989699823425544,0.992127722189523,0.991907004120071,0.99043555032372,0.992201294879341,0.994114184814597
0.523984696880518,0.524720423778693,0.541789287816363,0.512213066509712,0.546497939964685,0.571439081812831,0.552825191288994,0.631695114773396,0.596233078281342,0.670982931135962,0.72638316656857,0.719025897586816,0.793481459682166,0.854031783402001,0.849175985874044,0.904870512065921,0.896262507357269,0.905091230135374,0.928413772807534,0.940553266627428,0.960417892878164,0.952251324308417,0.951957033549147,0.97130665097116,0.971748087110065,0.979988228369629,0.976530311948205,0.99014125956445,0.98204826368452,0.988522660388464,0.984476162448499,0.987786933490288,0.992201294879341,0.986389052383755,0.993084167157151,0.984696880517952,0.987786933490288,0.993452030606239,0.99610064743967,0.994261330194232,0.990950559152443
0.449676280164803,0.536418481459682,0.527884049440848,0.522660388463802,0.549514420247204,0.573646262507357,0.557313125367863,0.561727486756916,0.626765744555621,0.638537374926427,0.659211300765156,0.718584461447911,0.77332254267216,0.828575632725132,0.087110064743967,0.0585638610947616,0.0397292525014715,0.025897586815774,0.0136109476162449,0.00470865214832254,0.00669511477339612,0.00927015891701001,0.00860800470865215,0.00794585050029429,0.00103001765744556,0.0061065332548558,0,0.004635079458505,0,0,0,0.00257504414361389,0.00132430841671572,0,0,0,0,0,0,0,0
0.49970570924073,0.521998234255444,0.564376103590347,0.558048852266039,0.536565626839317,0.596453796350795,0.582916421424367,0.643172454384932,0.632945850500294,0.676280164802825,0.674293702177752,0.728369629193643,0.752427898763979,0.832180694526192,0.0837257210123602,0.0345055915244261,0.0425985874043555,0.0244997057092407,0.011183048852266,0.0053708063566804,0.011183048852266,0.00632725132430842,0,0.00882872277810477,0,0,0.00103001765744556,0.00492937021777516,0.00213360800470865,0,0,0,0,0.0011035903472631,0,0,0,0,0,0,0
0.480282519128899,0.499852854620365,0.527589758681577,0.549955856386109,0.567760447321954,0.593216597998823,0.573057680988817,0.619702766333137,0.619408475573867,0.652001177163037,0.654870512065921,0.737786933490288,0.799146556798117,0.798263684520306,0.0902001177163037,0.0456150676868746,0.0311212477928193,0.0218510888758093,0.00801942319011183,0.00816656856974691,0.00978516774573278,0.00412007062978222,0.00389935256032961,0.0011035903472631,0.00272218952324897,0.000956444967628016,0.00198646262507357,0.00125073572689818,0.000956444967628016,0.00154502648616833,0.0011035903472631,0,0,0,0,0,0,0,0,0,0
0.50927015891701,0.540317834020012,0.543260741612713,0.539140670982931,0.526339022954679,0.615509123013537,0.600353148911124,0.626177163037081,0.631400824014126,0.673925838728664,0.700853443201883,0.74911712772219,0.773690406121248,0.813640376692172,0.878678634490877,0.0516480282519129,0.0318569746909947,0.0203796350794585,0.01854031783402,0.00875515008828723,0.00735726898175397,0.00338434373160683,0.00978516774573278,0.00220718069452619,0.00206003531489111,0.00345791642142437,0.00228075338434373,0,0.00213360800470865,0,0,0,0,0,0,0.00147145379635079,0,0,0,0,0
0.481533254855798,0.552751618599176,0.510300176574456,0.569746909947028,0.545173631547969,0.569231901118305,0.568643319599765,0.625735726898175,0.649720423778693,0.642731018246027,0.698499117127722,0.771041789287816,0.750367863449088,0.806356680400235,0.863449087698646,0.873896409652737,0.033254855797528,0.0276633313713949,0.0119187757504414,0.00904944084755739,0.0061065332548558,0.00125073572689818,0.00228075338434373,0,0,0.00235432607416127,0,0.0011035903472631,0.000956444967628016,0.00176574455562095,0.00132430841671572,0,0,0,0,0,0,0,0,0,0
0.526706886403767,0.536712772218952,0.514567392583873,0.560182460270747,0.598440258975868,0.586300765155974,0.561580341377281,0.600058858151854,0.599543849323131,0.655164802825191,0.687168922895821,0.714170100058858,0.749043555032372,0.81518540317834,0.832254267216009,0.87441141848146,0.900456150676869,0.929811653914067,0.927751618599176,0.0182460270747499,0.011992348440259,0.959682165979988,0.0011035903472631,0.00367863449087699,0,0.00206003531489111,0.00161859917598587,0,0.00125073572689818,0,0,0,0,0.00397292525014715,0.00125073572689818,0,0,0.00198646262507357,0,0,0
0.517289582107122,0.553634490876986,0.5322984108299,0.5687904649794,0.572395526780459,0.531121247792819,0.582989994114185,0.592333725721012,0.641333137139494,0.652663331371395,0.694305473808122,0.698057680988817,0.784211300765156,0.824896998234255,0.848440258975868,0.880665097115951,0.900824014125956,0.910388463802237,0.929590935844614,0.948204826368452,0.964096527369041,0.963581518540318,0.969688051795174,0.975868157739847,0.963140082401413,0.97277810476751,0.979399646851089,0.975279576221307,0.979399646851089,0.980944673337257,0.988449087698646,0.996174220129488,0.984034726309594,0.990288404944085,0.993672748675692,0.990067686874632,0.994997057092407,0.997939964685109,0.992054149499706,0.993010594467334,0.997057092407298
0.454605650382578,0.557901706886404,0.563861094761624,0.55532666274279,0.569526191877575,0.553560918187169,0.567392583872866,0.596012360211889,0.630297233666863,0.659064155385521,0.705929958799294,0.717260153031195,0.799440847557387,0.824823425544438,0.840862271924662,0.888610947616245,0.900750441436139,0.914655679811654,0.932313125367863,0.940111830488523,0.952030606238964,0.95902001177163,0.964537963507946,0.966671571512654,0.957916421424367,0.973955267804591,0.980061801059447,0.977928193054738,0.978737492642731,0.988522660388464,0.987934078869923,0.986094761624485,0.994776339022955,0.988007651559741,0.995732783990583,0.993231312536786,0.993157739846969,0.994114184814597,0.992054149499706,0.988154796939376,0.995879929370218
0.530459093584461,0.520232489699823,0.542230723955268,0.523469688051795,0.538331371394938,0.562021777516186,0.595497351383167,0.598660977045321,0.633755150088287,0.647660388463802,0.710859329017069,0.762875220718069,0.833652148322543,0.820188346085933,0.846527369040612,0.873822836962919,0.917672160094173,0.922307239552678,0.950853443201883,0.938713949381989,0.958284284873455,0.947101236021189,0.970350206003532,0.971674514420247,0.981386109476162,0.974396703943496,0.981827545615068,0.978590347263096,0.973145968216598,0.986683343143025,0.987051206592113,0.98984696880518,0.990509123013537,0.993746321365509,0.985800470865215,0.991391995291348,0.992937021777516,0.994997057092407,0.997057092407298,0.993231312536786,0.993819894055327
0.497498528546204,0.493967039434962,0.528031194820483,0.557386698057681,0.542304296645085,0.601824602707475,0.589537963507946,0.570997645673926,0.641627427898764,0.706371394938199,0.673263684520306,0.745879929370218,0.797675103001766,0.825706297822248,0.859696880517952,0.876692171865803,0.908622719246616,0.915391406709829,0.931356680400235,0.943054738081224,0.946659799882284,0.964611536197763,0.950117716303708,0.970203060623896,0.973734549735138,0.974690994702766,0.979914655679812,0.974543849323131,0.98116539140671,0.985800470865215,0.983004708652148,0.984034726309594,0.984623307828134,0.990950559152443,0.987639788110653,0.986315479693938,0.990067686874632,0.991759858740436,0.992274867569158,0.989920541494997,0.989111241907004
0.534284873454974,0.503678634490877,0.538110653325486,0.517878163625662,0.519202472042378,0.568643319599765,0.600647439670394,0.599175985874044,0.640450264861683,0.650603296056504,0.670026486168334,0.731386109476162,0.789729252501471,0.815773984696881,0.114626250735727,0.0567245438493231,0.0254561506768687,0.011183048852266,0.0186138905238376,0.00971159505591524,0.00772513243084167,0.00235432607416127,0.00662154208357858,0,0.00191288993525603,0.0011035903472631,0.00389935256032961,0,0.00434078869923484,0.000956444967628016,0,0,0,0,0,0,0,0,0,0.00117716303708064,0
0.508166568569747,0.529429075927016,0.538037080635668,0.528031194820483,0.539361389052384,0.528031194820483,0.590273690406121,0.586374337845792,0.628752207180695,0.649793996468511,0.692466156562684,0.728663919952913,0.806135962330783,0.801942319011183,0.0949823425544438,0.0668040023543261,0.0288404944084756,0.0214096527369041,0.00706297822248381,0.0188346085932902,0.010226603884638,0.00309005297233667,0.00544437904649794,0.00478222483814008,0.00286933490288405,0,0.0011035903472631,0,0,0.00154502648616833,0.00161859917598587,0.00117716303708064,0,0.00103001765744556,0,0,0.0011035903472631,0.000956444967628016,0,0,0
0.480650382577987,0.500220718069453,0.498087110064744,0.555768098881695,0.541347851677457,0.552310182460271,0.570409064155386,0.62051206592113,0.641480282519129,0.667672160094173,0.672822248381401,0.725206003531489,0.781489111241907,0.83343143025309,0.854473219540906,0.0632725132430842,0.0329605650382578,0.0274426133019423,0.00890229546792231,0.0133902295467922,0.00470865214832254,0.0064743967039435,0.00191288993525603,0.00228075338434373,0,0,0,0.00183931724543849,0,0.00103001765744556,0.00154502648616833,0,0,0,0,0,0,0,0,0,0
0.456518540317834,0.526854031783402,0.523175397292525,0.554885226603885,0.528840494408476,0.581739258387287,0.572321954090642,0.636256621542084,0.633240141259564,0.652884049440848,0.676353737492643,0.716082989994114,0.797307239552678,0.820997645673926,0.841524426133019,0.876618599175986,0.0317098293113596,0.0155974102413184,0.00103001765744556,0.0144938198940553,0.00779870512065921,0.00367863449087699,0.00213360800470865,0.0104473219540906,0.00382577987051207,0.00139788110653325,0,0,0,0,0,0.00169217186580341,0,0,0,0,0,0,0,0,0
0.513537374926427,0.497645673925839,0.517510300176574,0.556283107710418,0.561506768687463,0.592186580341377,0.606238964096527,0.599249558563861,0.63368157739847,0.627942907592702,0.698499117127722,0.747866391995291,0.808490288404944,0.816068275456151,0.855208946439082,0.881106533254856,0.895821071218364,0.920320776927605,0.940332548557975,0.0053708063566804,0.953207769276045,0.00904944084755739,0,0.00250147145379635,0.00213360800470865,0.00183931724543849,0.00220718069452619,0,0.00206003531489111,0,0,0,0.0011035903472631,0,0,0,0.0011035903472631,0,0,0,0
0.477486756915833,0.496909947027663,0.501986462625074,0.556430253090053,0.563198940553267,0.559593878752207,0.606901118304885,0.603958210712184,0.654502648616833,0.691141848145968,0.681135962330783,0.724543849323131,0.763390229546792,0.795026486168334,0.860064743967039,0.878457916421424,0.900529723366686,0.928487345497351,0.94047969393761,0.93900824014126,0.946880517951736,0.955267804590936,0.971748087110065,0.9635079458505,0.96740729841083,0.979178928781636,0.972115950559152,0.983961153619776,0.982416127133608,0.987124779281931,0.987639788110653,0.986168334314303,0.99014125956445,0.987639788110653,0,0.996174220129488,0.992201294879341,0,0.993010594467334,0,0.993304885226604
0.483372572101236,0.49970570924073,0.512433784579164,0.542966450853443,0.576074161271336,0.551574455562095,0.610506180105945,0.608372572101236,0.655532666274279,0.660314891112419,0.673705120659211,0.779208357857563,0.782666274278988,0.83880223660977,0.852781047675103,0.884049440847557,0.913331371394938,0.902663331371395,0.931945261918776,0.930400235432607,0.942686874632137,0.961889346674514,0.969025897586816,0.978663919952913,0.96740729841083,0.979326074161271,0.979178928781636,0.987271924661566,0.984770453207769,0.99043555032372,0.979767510300177,0.980356091818717,0.990876986462625,0.991833431430253,0.994187757504414,0.99102413184226,0.989258387286639,0.991097704532078,0.994997057092407,0.997130665097116,0.992201294879341
0.514273101824603,0.536639199529135,0.52869334902884,0.566877575044144,0.550176574455562,0.567319011183049,0.579605650382578,0.618378457916421,0.617274867569158,0.683195997645674,0.68481459682166,0.738375515008829,0.787522071806945,0.818937610359035,0.85645968216598,0.89802825191289,0.899131842260153,0.915317834020012,0.93062095350206,0.947616244849912,0.952913478516775,0.954017068864038,0.970055915244261,0.970865214832254,0.973513831665686,0.976456739258387,0.977928193054738,0.98116539140671,0.981312536786345,0.988522660388464,0.980650382577987,0.987051206592113,0.99131842260153,0.98535903472631,0.991980576809888,0.990950559152443,0.992127722189523,0.991244849911713,0.996027074749853,0.99102413184226,0.996174220129488
0.544585050029429,0.528766921718658,0.544290759270159,0.576368452030606,0.54215715126545,0.540244261330194,0.588360800470865,0.602633902295468,0.618967039434962,0.64861683343143,0.719393761035903,0.724175985874044,0.784284873454974,0.835712183637434,0.850279576221307,0.898396115361978,0.895526780459094,0.9072984108299,0.908843437316068,0.949896998234255,0.964170100058858,0.956592113007652,0.965200117716304,0.966156562683932,0.974764567392584,0.975353148911124,0.978222483814008,0.977413184226015,0.979914655679812,0.98204826368452,0.982857563272513,0.991833431430253,0.987713360800471,0.987713360800471,0.994187757504414,0.997057092407298,0.994187757504414,0.991833431430253,0.995953502060035,0.994997057092407,0.991465567981165
0.538478516774573,0.53708063566804,0.52273396115362,0.559226015303119,0.571365509123014,0.590494408475574,0.55054443790465,0.604988228369629,0.610579752795762,0.680473808122425,0.666715715126545,0.785829899941142,0.745070629782225,0.830782813419659,0.852413184226015,0.872939964685109,0.920173631547969,0.922380812242496,0.923410829899941,0.934961742201295,0.959167157151265,0.960050029429076,0.956959976456739,0.965862271924662,0.962110064743967,0.964390818128311,0.98057680988817,0.981091818716892,0.984402589758682,0.983519717480871,0.98565332548558,0.989920541494997,0.987786933490288,0.987860506180106,0.990876986462625,0.987124779281931,0.994187757504414,0.989479105356092,0.993819894055327,0.992716303708064,0.996983519717481
0.495732783990583,0.529208357857563,0.512065921130077,0.565773984696881,0.540244261330194,0.605797527957622,0.563861094761624,0.640376692171866,0.597410241318423,0.644864626250736,0.70754855797528,0.751250735726898,0.790097115950559,0.806650971159506,0.0965273690406121,0.0544437904649794,0.0434078869923484,0.0269276044732195,0.0134638022366098,0.0105944673337257,0.0200117716303708,0.00882872277810477,0.00309005297233667,0.00632725132430842,0.00103001765744556,0,0.00235432607416127,0.00161859917598587,0.00117716303708064,0.00220718069452619,0.00117716303708064,0.00272218952324897,0,0,0,0,0,0,0,0,0
0.511845203060624,0.484255444379046,0.519791053560918,0.519938198940553,0.522586815773985,0.561948204826368,0.624484991171277,0.575779870512066,0.654134785167746,0.662007062978223,0.715567981165391,0.738154796939376,0.780826957033549,0.810918187168923,0.83313713949382,0.0721012360211889,0.0477486756915833,0.0125809299587993,0.0206003531489111,0.0127280753384344,0.012948793407887,0.00757798705120659,0.00875515008828723,0.00684226015303119,0.00389935256032961,0.00103001765744556,0.00161859917598587,0,0,0,0,0.00397292525014715,0,0,0,0,0,0,0,0,0
0.478884638022366,0.509123013537375,0.518025309005297,0.527001177163037,0.572174808711006,0.594393761035903,0.608519717480871,0.612639788110653,0.596380223660977,0.654429075927016,0.654576221306651,0.734181871689229,0.806798116539141,0.834240729841083,0.858298999411419,0.053708063566804,0.0349470276633314,0.0198646262507357,0.00993231312536786,0.0106680400235433,0.0192760447321954,0.00875515008828723,0.00735726898175397,0.0050029429075927,0.00419364331959976,0.00198646262507357,0.00103001765744556,0.00117716303708064,0,0,0,0,0.00125073572689818,0,0,0.0011035903472631,0,0,0,0,0
0.508608004708652,0.518466745144202,0.513390229546792,0.542819305473808,0.551500882872278,0.581224249558564,0.566215420835786,0.586815773984697,0.602707474985285,0.666789287816363,0.682165979988228,0.775529723366686,0.807975279576221,0.833799293702178,0.889788110653326,0.88934667451442,0.902369040612125,0.932975279576221,0.0121394938198941,0.0162595644496763,0.0155974102413184,0.96681871689229,0,0.00927015891701001,0.0011035903472631,0.00250147145379635,0.00117716303708064,0.00316362566215421,0,0.00228075338434373,0,0.0011035903472631,0,0,0,0,0,0,0,0,0
0.501324308416716,0.515229546792231,0.512433784579164,0.507062978222484,0.590200117716304,0.581224249558564,0.605503237198352,0.563934667451442,0.608078281341966,0.61543555032372,0.671203649205415,0.729767510300177,0.774426133019423,0.827324896998234,0.855135373749264,0.885815185403178,0.905238375515009,0.931430253090053,0.928560918187169,0.947542672160094,0.946880517951736,0.964243672748676,0.957033549146557,0.00316362566215421,0.971748087110065,0.971674514420247,0.968731606827546,0.979546792230724,0,0,0,0,0,0,0,0,0.993525603296057,0,0.988228369629194,0,0
0.494997057092407,0.48535903472631,0.55172160094173,0.558931724543849,0.600426721600942,0.547160094173043,0.582401412595644,0.569231901118305,0.6614920541495,0.659505591524426,0.706739258387287,0.740214832254267,0.804149499705709,0.830782813419659,0.880223660977045,0.870732783990583,0.89442319011183,0.927825191288994,0.935844614479105,0.950779870512066,0.951589170100059,0.952692760447322,0.962404355503237,0.968363743378458,0.972630959387875,0.979399646851089,0.978663919952913,0.980650382577987,0.981018246027075,0.978811065332549,0.983078281341966,0.987271924661566,0.989626250735727,0.993893466745144,0.993231312536786,0.996909947027663,0.992863449087699,0.99610064743967,0.996027074749853,0.995070629782225,0.993893466745144
0.473660977045321,0.521115361977634,0.555400235432607,0.572248381400824,0.561359623307828,0.578134196586227,0.575559152442613,0.563934667451442,0.622057092407298,0.695409064155386,0.665097115950559,0.742569158328429,0.788184226015303,0.789287816362566,0.874337845791642,0.877942907592702,0.894717480871101,0.920320776927605,0.933122424955856,0.949602707474985,0.956592113007652,0.958505002942908,0.956959976456739,0.964170100058858,0.967554443790465,0.973513831665686,0.973808122424956,0.976309593878752,0.976162448499117,0.984770453207769,0.987860506180106,0.984255444379047,0.990214832254267,0.992863449087699,0.998087110064744,0.993452030606239,0.993231312536786,0.993157739846969,0.998013537374926,0.989037669217187,0.992054149499706
0.515965273690406,0.51346380223661,0.562683931724544,0.545541494997057,0.569452619187757,0.566730429664508,0.62021777516186,0.621983519717481,0.649867569158328,0.66656856974691,0.691436138905238,0.725721012360212,0.775014714537964,0.841892289582107,0.85587110064744,0.908328428487346,0.902001177163037,0.925912301353737,0.930694526191878,0.936580341377281,0.946806945261919,0.957989994114185,0.968510888758093,0.971968805179517,0.963360800470865,0.973587404355503,0.978369629193643,0.980797527957622,0.977192466156563,0.983961153619776,0.984329017068864,0.984844025897587,0.99521777516186,0.989994114184815,0.990876986462625,0.99102413184226,0.99043555032372,0.993010594467334,0.994114184814597,0.996983519717481,0.998013537374926
0.557680988816951,0.521336080047087,0.529061212477928,0.520379635079459,0.552972336668629,0.566583284284873,0.594393761035903,0.61602413184226,0.626692171865803,0.660535609181872,0.728075338434373,0.712404355503237,0.783034137728075,0.815847557386698,0.871321365509123,0.899720423778693,0.898469688051795,0.920982931135962,0.935771041789288,0.935256032960565,0.949087698646263,0.958357857563273,0.976751030017657,0.955709240729841,0.975941730429664,0.969320188346086,0.979693937610359,0.98624190700412,0.98594761624485,0.986168334314303,0.987639788110653,0.984034726309594,0.988964096527369,0.99014125956445,0.991171277221895,0.992127722189523,0.988301942319011,0.99014125956445,0.997057092407298,0.992127722189523,0.9958063566804
0.491171277221895,0.515891701000589,0.502648616833431,0.540391406709829,0.539361389052384,0.553487345497351,0.570629782224838,0.609402589758682,0.644055326662743,0.640155974102413,0.674514420247204,0.723808122424956,0.771262507357269,0.841303708063567,0.868452030606239,0.86962919364332,0.91237492642731,0.913625662154208,0.92223366686286,0.94047969393761,0.951221306650971,0.951442024720424,0.9677015891701,0.967848734549735,0.974838140082401,0.968584461447911,0.974470276633314,0.970570924072984,0.98683048852266,0.979693937610359,0.99014125956445,0.988007651559741,0.992937021777516,0.993231312536786,0.992863449087699,0.99492348440259,0.994114184814597,0.994408475573867,0.997866391995291,0.99610064743967,0.994997057092407
0.510815185403178,0.536271336080047,0.563640376692172,0.55083872866392,0.567834020011772,0.611683343143025,0.600941730429664,0.615509123013537,0.624484991171277,0.702324896998234,0.682754561506769,0.705856386109476,0.767142436727487,0.832695703354915,0.855650382577987,0.0505444379046498,0.0150088287227781,0.0209682165979988,0.0143466745144202,0.00919658622719247,0.00220718069452619,0.0138316656856975,0.00515008828722778,0.00125073572689818,0.0042672160094173,0.00345791642142437,0.00404649793996469,0,0.00448793407886992,0,0.00103001765744556,0,0,0.00139788110653325,0,0,0,0.00117716303708064,0,0,0
0.484549735138317,0.525529723366686,0.48234255444379,0.552825191288994,0.549808711006474,0.57474985285462,0.57357268981754,0.613228369629194,0.610506180105945,0.650309005297234,0.670615067686875,0.747792819305474,0.772954679223072,0.822174808711006,0.85645968216598,0.0751912889935256,0.0200117716303708,0.0197910535609182,0.0136845203060624,0.00441436138905238,0.00272218952324897,0.00228075338434373,0.00147145379635079,0.0053708063566804,0.00345791642142437,0,0,0,0,0.000956444967628016,0,0.00125073572689818,0,0,0,0,0,0,0,0,0
0.556871689228958,0.490067686874632,0.516921718658034,0.565921130076516,0.547160094173043,0.574823425544438,0.61543555032372,0.598145968216598,0.644570335491466,0.65281047675103,0.679443790464979,0.748013537374926,0.806503825779871,0.820041200706298,0.854399646851089,0.8833872866392,0.904870512065921,0.918922895821071,0.0232489699823426,0,0.00846085932901707,0.00507651559741024,0.0096380223660977,0.0042672160094173,0,0,0.00169217186580341,0.00213360800470865,0.00331077104178929,0,0,0,0,0,0.0011035903472631,0,0,0.00191288993525603,0,0,0
0.505591524426133,0.535314891112419,0.510300176574456,0.567981165391407,0.536271336080047,0.564081812831077,0.572101236021189,0.61602413184226,0.594320188346086,0.644349617422013,0.727781047675103,0.762286639199529,0.786712772218952,0.796203649205415,0.855723955267805,0.887139493819894,0.917304296645085,0.917672160094173,0.937831077104179,0.929664508534432,0.00765155974102413,0.956886403766922,0.963728663919953,0.971012360211889,0.969835197174809,0.977707474985285,0.978958210712184,0,0.974838140082401,0,0.00220718069452619,0,0,0,0.993967039434962,0,0,0,0,0,0
0.514861683343143,0.481533254855798,0.53766921718658,0.52869334902884,0.568128310771042,0.55562095350206,0.552310182460271,0.599838140082401,0.620659211300765,0.655311948204826,0.686359623307828,0.747424955856386,0.763095938787522,0.839905826957034,0.855208946439082,0.873528546203649,0.91178634490877,0.920394349617422,0.930179517363155,0.946880517951736,0.94916127133608,0.952839905826957,0.963140082401413,0.97160094173043,0.961962919364332,0.962992937021777,0.979546792230724,0.976236021188935,0.98145968216598,0.989037669217187,0.987566215420836,0.989405532666274,0.990067686874632,0.986609770453208,0.994040612124779,0.989994114184815,0.991097704532078,0.994997057092407,0.993746321365509,0.993010594467334,0.993967039434962
0.496615656268393,0.521483225426722,0.560476751030018,0.561580341377281,0.563787522071807,0.605723955267805,0.60645968216598,0.590494408475574,0.59807239552678,0.643393172454385,0.691215420835786,0.771556798116539,0.779281930547381,0.816583284284873,0.869482048263684,0.906636256621542,0.901559741024132,0.928781636256622,0.943643319599765,0.935035314891112,0.956812831077104,0.9718952324897,0.961742201294879,0.974911712772219,0.968731606827546,0.977854620364921,0.979620364920541,0.983593290170689,0.983078281341966,0.989111241907004,0.984623307828134,0.981680400235433,0.991171277221895,0.994997057092407,0.993084167157151,0.987860506180106,0.992274867569158,0.993967039434962,0.992127722189523,0.992274867569158,0.994776339022955
0.525529723366686,0.512507357268982,0.510079458505003,0.535977045320777,0.555768098881695,0.566288993525603,0.607931135962331,0.559299587992937,0.628605061801059,0.64773396115362,0.715273690406121,0.722336668628605,0.761109476162449,0.830047086521483,0.854620364920541,0.883019423190112,0.904061212477928,0.924367274867569,0.941877575044144,0.947763390229547,0.948793407886992,0.960050029429076,0.965420835785756,0.972042377869335,0.973734549735138,0.973808122424956,0.979326074161271,0.983814008240141,0.981827545615068,0.981974690994703,0.985064743967039,0.987345497351383,0.984844025897587,0.992937021777516,0.987051206592113,0.992937021777516,0.995732783990583,0.994555620953502,0.987713360800471,0.996174220129488,0.995144202472042
0.519717480871101,0.51824602707475,0.564670394349617,0.557754561506769,0.525676868746321,0.58880223660977,0.588655091230135,0.589905826957034,0.64832254267216,0.641112419070041,0.668996468510889,0.718805179517363,0.784652736904061,0.832474985285462,0.849911712772219,0.887948793407887,0.897586815773985,0.909579164214244,0.946144791053561,0.945703354914656,0.937095350206004,0.947689817539729,0.958946439081813,0.967628016480283,0.984917598587404,0.975058858151854,0.979693937610359,0.98087110064744,0.987198351971748,0.982636845203061,0.986094761624485,0.992127722189523,0.987345497351383,0.989405532666274,0.994997057092407,0.991244849911713,0.993967039434962,0.99102413184226,0.996909947027663,0.994040612124779,0.992937021777516
0.552678045909358,0.508828722778105,0.542672160094173,0.5604031783402,0.567981165391407,0.5927015891701,0.562242495585639,0.603737492642731,0.644276044732195,0.665538552089464,0.673631547969394,0.750956444967628,0.76854031783402,0.840052972336669,0.86962919364332,0.879635079458505,0.906489111241907,0.937021777516186,0.937168922895821,0.941068275456151,0.955709240729841,0.950853443201883,0.957180694526192,0.970497351383167,0.970644496762802,0.978884638022366,0.983593290170689,0.972630959387875,0.976898175397293,0.984255444379047,0.98594761624485,0.982931135962331,0.990803413772808,0.98565332548558,0.988669805768099,0.99014125956445,0.991907004120071,0.99102413184226,0.996689228958211,0.992127722189523,0.990509123013537
0.476603884638022,0.506695114773396,0.589096527369041,0.538699234844026,0.556724543849323,0.567171865803414,0.584240729841083,0.602339611536198,0.647071806945262,0.663037080635668,0.695924072984108,0.744261330194232,0.813051795173632,0.813787522071807,0.863890523837551,0.888831665685697,0.90251618599176,0.934373160682755,0.922675103001766,0.938272513243084,0.948425544437905,0.952398469688052,0.961006474396704,0.968584461447911,0.980282519128899,0.980503237198352,0.977339611536198,0.983887580929959,0.978001765744556,0.992863449087699,0.98204826368452,0.983298999411419,0.989626250735727,0.986389052383755,0.988964096527369,0.993893466745144,0.996174220129488,0.990876986462625,0.995291347851677,0.991980576809888,0.990214832254267
0.505959387875221,0.512213066509712,0.512433784579164,0.55591524426133,0.561065332548558,0.579311359623308,0.610874043555032,0.669143613890524,0.654355503237198,0.69047969393761,0.669805768098882,0.711595055915244,0.786124190700412,0.834093584461448,0.84329017068864,0.886477339611536,0.0392142436727487,0.0269276044732195,0.0171424367274868,0.0096380223660977,0.00824014125956445,0.00846085932901707,0.00242789876397881,0.00331077104178929,0.00125073572689818,0,0.00103001765744556,0.00117716303708064,0,0.00125073572689818,0.00183931724543849,0,0,0,0.00176574455562095,0,0,0.00139788110653325,0,0,0
0.494187757504414,0.528766921718658,0.514861683343143,0.521851088875809,0.539140670982931,0.587845791642142,0.594540906415539,0.621762801648028,0.613743378457916,0.660388463802237,0.708799293702178,0.760226603884638,0.779944084755739,0.818349028840494,0.858961153619776,0.878825779870512,0.91715715126545,0.0201589170100059,0.0162595644496763,0.0150824014125956,0.0119187757504414,0.00264861683343143,0.00213360800470865,0.00331077104178929,0.00235432607416127,0.00581224249558564,0.00242789876397881,0,0.00213360800470865,0,0,0,0,0,0,0,0,0,0.00117716303708064,0,0
0.474470276633314,0.532151265450265,0.510079458505003,0.55503237198352,0.531341965862272,0.592922307239553,0.605208946439082,0.622057092407298,0.597410241318423,0.652736904061212,0.690994702766333,0.770158917010006,0.806135962330783,0.810844614479105,0.841671571512654,0.887286639199529,0.875220718069453,0.916053560918187,0.924146556798117,0.942171865803414,0.934373160682755,0.959093584461448,0.00654796939376104,0.965347263095939,0.975426721600942,0.976898175397293,0,0.0011035903472631,0,0.0011035903472631,0,0.00117716303708064,0,0,0,0,0,0,0,0,0
0.4635079458505,0.530459093584461,0.484034726309594,0.550912301353737,0.587551500882872,0.570482636845203,0.577987051206592,0.616980576809888,0.625735726898175,0.662227781047675,0.683343143025309,0.73175397292525,0.78259270158917,0.819452619187757,0.840347263095939,0.87441141848146,0.921424367274868,0.92135079458505,0.931798116539141,0.943054738081224,0.94916127133608,0.969099470276633,0.965788699234844,0.965935844614479,0.974175985874044,0.973440258975868,0.98175397292525,0.982857563272513,0.981533254855798,0.980650382577987,0.991171277221895,0.987124779281931,0.98683048852266,0.983814008240141,0.991244849911713,0.988964096527369,0.992937021777516,0.994187757504414,0.996027074749853,0.991907004120071,0.993010594467334
0.480208946439082,0.506400824014126,0.455488522660388,0.532445556209535,0.531856974690995,0.542525014714538,0.590052972336669,0.618599175985874,0.654870512065921,0.665244261330194,0.688346085932902,0.743819894055327,0.787154208357858,0.826000588581519,0.850353148911124,0.883828722778105,0.896851088875809,0.921130076515597,0.930253090052972,0.938493231312537,0.944894055326663,0.954164214243673,0.960344320188346,0.962183637433785,0.967260153031195,0.975868157739847,0.97756032960565,0.9760888758093,0.986609770453208,0.98145968216598,0.987786933490288,0.986389052383755,0.990950559152443,0.993010594467334,0.99014125956445,0.990361977633902,0.994849911712772,0.994187757504414,0.99492348440259,0.996983519717481,0.993452030606239
0.501839317245439,0.469982342554444,0.504708652148323,0.544437904649794,0.574381989405533,0.57776633313714,0.594173042966451,0.600647439670394,0.632136550912301,0.67046792230724,0.691215420835786,0.735579752795762,0.770379635079459,0.827398469688052,0.8510888758093,0.867495585638611,0.905238375515009,0.92642731018246,0.934226015303119,0.951883460859329,0.947469099470277,0.954899941141848,0.954826368452031,0.963875809299588,0.970570924072984,0.979031783402001,0.979767510300177,0.980503237198352,0.975941730429664,0.984696880517952,0.985800470865215,0.984181871689229,0.985285462036492,0.996836374337846,0.993084167157151,0.993819894055327,0.994114184814597,0.993157739846969,0.998896409652737,0.997057092407298,0.994187757504414
0.452619187757504,0.463728663919953,0.552383755150088,0.568349028840494,0.577913478516775,0.563640376692172,0.587110064743967,0.615950559152443,0.631695114773396,0.654502648616833,0.711742201294879,0.748087110064744,0.786124190700412,0.832695703354915,0.868157739846969,0.883828722778105,0.886477339611536,0.926648028251913,0.930841671571513,0.93569746909947,0.961374337845792,0.965641553855209,0.959829311359623,0.961815773984697,0.975279576221307,0.976456739258387,0.973293113596233,0.982783990582696,0.98565332548558,0.975426721600942,0.988596233078281,0.991171277221895,0.991244849911713,0.989258387286639,0.993084167157151,0.994997057092407,0.993967039434962,0.988081224249559,0.994997057092407,0.995659211300765,0.992348440258976
0.483446144791054,0.537448499117128,0.516185991759859,0.523469688051795,0.617274867569158,0.544585050029429,0.577692760447322,0.602928193054738,0.623160682754561,0.647513243084167,0.691436138905238,0.727854620364921,0.762139493819894,0.840567981165391,0.877942907592702,0.891848145968217,0.902001177163037,0.918628605061801,0.931945261918776,0.955856386109476,0.954090641553855,0.963875809299588,0.964611536197763,0.963434373160683,0.979473219540906,0.975279576221307,0.971527369040612,0.979399646851089,0.982783990582696,0.987051206592113,0.987860506180106,0.993010594467334,0.98565332548558,0.988890523837551,0.995070629782225,0.994997057092407,0.991171277221895,0.994261330194232,0.992054149499706,0.994040612124779,0.993746321365509
0.493967039434962,0.563493231312537,0.539802825191289,0.54693937610359,0.566877575044144,0.556135962330783,0.606974690994703,0.607121836374338,0.6291936433196,0.654208357857563,0.706592113007652,0.741539140670983,0.771188934667451,0.832254267216009,0.848587404355503,0.874632136550912,0.904355503237198,0.926500882872278,0.931430253090053,0.939449676280165,0.944452619187757,0.949014125956445,0.971968805179517,0.964390818128311,0.973881695114773,0.972557386698058,0.978369629193643,0.980356091818717,0.981312536786345,0.990067686874632,0.981533254855798,0.989920541494997,0.993893466745144,0.993157739846969,0.990067686874632,0.996909947027663,0.995953502060035,0.990876986462625,0.992054149499706,0.993010594467334,0.993893466745144
0.520673925838729,0.499852854620365,0.535388463802237,0.588360800470865,0.552972336668629,0.586006474396704,0.566877575044144,0.585344320188346,0.599985285462036,0.67193937610359,0.697763390229547,0.726456739258387,0.771777516185992,0.800765155974102,0.867937021777516,0.876692171865803,0.906194820482637,0.929296645085344,0.926648028251913,0.935918187168923,0.952251324308417,0.949970570924073,0.962992937021777,0.974543849323131,0.974617422012949,0.968878752207181,0.977633902295468,0.983961153619776,0.974985285462036,0.98057680988817,0.980429664508534,0.990582695703355,0.991097704532078,0.992937021777516,0.989994114184815,0.989699823425544,0.993672748675692,0.989773396115362,0.989184814596822,0.995070629782225,0.99014125956445
0.505812242495586,0.533402001177163,0.526633313713949,0.580635668040024,0.556650971159506,0.570997645673926,0.559667451442025,0.581224249558564,0.631621542083579,0.640229546792231,0.710638610947616,0.743452030606239,0.818864037669217,0.828869923484403,0.823499117127722,0.88905238375515,0.909211300765156,0.918187168922896,0.934961742201295,0.92672160094173,0.00853443201883461,0.0108151854031783,0.00353148911124191,0.00669511477339612,0.00198646262507357,0.00103001765744556,0.00912301353737493,0.00161859917598587,0,0.000956444967628016,0,0,0,0,0,0,0,0,0,0,0
0.505223660977045,0.485506180105945,0.555179517363155,0.547012948793408,0.565038257798705,0.56430253090053,0.595055915244261,0.598145968216598,0.655974102413184,0.662301353737493,0.71681871689229,0.74521777516186,0.784211300765156,0.82474985285462,0.862713360800471,0.888390229546792,0.909211300765156,0.912227781047675,0.936286050618011,0.947689817539729,0.946806945261919,0.958357857563273,0.968143025309005,0.970718069452619,0.966892289582107,0.981533254855798,0.980356091818717,0.973881695114773,0.00220718069452619,0,0,0,0.00103001765744556,0,0,0,0,0,0,0,0
0.497719246615656,0.479399646851089,0.522071806945262,0.55532666274279,0.570114773396115,0.581812831077104,0.597336668628605,0.565994702766333,0.597557386698058,0.656415538552089,0.734108298999411,0.69496762801648,0.81547969393761,0.831739258387287,0.851456739258387,0.888316656856975,0.897881106533255,0.911859917598587,0.93091524426133,0.936948204826368,0.956592113007652,0.94526191877575,0.959755738669806,0.97756032960565,0.973366686286051,0.971012360211889,0.984476162448499,0.97160094173043,0.975500294290759,0.986168334314303,0.982857563272513,0.990361977633902,0.990214832254267,0.989994114184815,0.987713360800471,0.988964096527369,0.992201294879341,0.991759858740436,0.994114184814597,0.999043555032372,0.996174220129488
0.487345497351383,0.532224838140082,0.528766921718658,0.521041789287816,0.566215420835786,0.57445556209535,0.564670394349617,0.60616539140671,0.645600353148911,0.669364331959976,0.724764567392584,0.726751030017657,0.773543260741613,0.819894055326663,0.844688051795174,0.890670982931136,0.908254855797528,0.914802825191289,0.919585050029429,0.936727486756916,0.939817539729253,0.954899941141848,0.959167157151265,0.974543849323131,0.969246615656268,0.971968805179517,0.979693937610359,0.981827545615068,0.985874043555032,0.98683048852266,0.982121836374338,0.987124779281931,0.984255444379047,0.990876986462625,0.991980576809888,0.991171277221895,0.991097704532078,0.992863449087699,0.992863449087699,0.99521777516186,0.99521777516186
0.510373749264273,0.492789876397881,0.513537374926427,0.536418481459682,0.54215715126545,0.567171865803414,0.622939964685109,0.60256032960565,0.63485874043555,0.684078869923484,0.689155385520895,0.715788699234844,0.738596233078281,0.840200117716304,0.853811065332549,0.870585638610948,0.912816362566215,0.927310182460271,0.939376103590347,0.920982931135962,0.945041200706298,0.960859329017069,0.960932901706886,0.955414949970571,0.975794585050029,0.969835197174809,0.983372572101236,0.975573866980577,0.979031783402001,0.987419070041201,0.987713360800471,0.988228369629194,0.988816951147734,0.992716303708064,0.987566215420836,0.98984696880518,0.986021188934668,0.996983519717481,0.994114184814597,0.99492348440259,0.994040612124779
0.52332254267216,0.509932313125368,0.520747498528546,0.555768098881695,0.546424367274868,0.583872866391995,0.603884638022366,0.613375515008829,0.645968216597999,0.659873454973514,0.720570924072984,0.760668040023543,0.788552089464391,0.837551500882872,0.858666862860506,0.884343731606828,0.908917010005886,0.938198940553267,0.932386698057681,0.9437904649794,0.950927015891701,0.950632725132431,0.976309593878752,0.963140082401413,0.974470276633314,0.978222483814008,0.972925250147145,0.979473219540906,0.983593290170689,0.98653619776339,0.984991171277222,0.990803413772808,0.989626250735727,0.990214832254267,0.990288404944085,0.992274867569158,0.994997057092407,0.990950559152443,0.992937021777516,0.993010594467334,0.993231312536786
0.466230135373749,0.507210123602119,0.512801648028252,0.553708063566804,0.557680988816951,0.563640376692172,0.598145968216598,0.636698057680989,0.635005885815185,0.665244261330194,0.713949381989405,0.70843143025309,0.793849323131254,0.805179517363155,0.852192466156563,0.878310771041789,0.895453207769276,0.932607416127134,0.935623896409653,0.934152442613302,0.953796350794585,0.966965862271925,0.960785756327251,0.967480871100647,0.976530311948205,0.97726603884638,0.982416127133608,0.975132430841672,0.983887580929959,0.980503237198352,0.982783990582696,0.988081224249559,0.990214832254267,0.984034726309594,0.987860506180106,0.993231312536786,0.99014125956445,0.99492348440259,0.994997057092407,0.991171277221895,0.99610064743967
0.485874043555032,0.520894643908181,0.508460859329017,0.540464979399647,0.581812831077104,0.581444967628016,0.598366686286051,0.587257210123602,0.639125956444968,0.658843437316068,0.694746909947028,0.765082401412596,0.774793996468511,0.799514420247204,0.85645968216598,0.878825779870512,0.884049440847557,0.9312095350206,0.928708063566804,0.939670394349617,0.951883460859329,0.938934667451442,0.961080047086522,0.968363743378458,0.968952324896998,0.972263095938788,0.980208946439082,0.980723955267805,0.978958210712184,0.985800470865215,0.984181871689229,0.994040612124779,0.983298999411419,0.992054149499706,0.988375515008829,0.989994114184815,0.984917598587404,0.99492348440259,0.997057092407298,0.994997057092407,0.993010594467334
0.530164802825191,0.514493819894055,0.529061212477928,0.563713949381989,0.560329605650383,0.583063566804002,0.572984108298999,0.587183637433785,0.613301942319011,0.645306062389641,0.68003237198352,0.739037669217187,0.766259564449676,0.839685108887581,0.821365509123014,0.896851088875809,0.915538552089464,0.920615067686875,0.933416715715127,0.947910535609182,0.963140082401413,0.965862271924662,0.954826368452031,0.966303708063567,0.96829017068864,0.979546792230724,0.977633902295468,0.982783990582696,0.988743378457916,0.987786933490288,0.991759858740436,0.984696880517952,0.987860506180106,0.989994114184815,0.985064743967039,0.986977633902295,0.991833431430253,0.992201294879341,0.992274867569158,0.995070629782225,0.991244849911713
0.484991171277222,0.488301942319011,0.527957622130665,0.593216597998823,0.559741024131842,0.578722778104767,0.588360800470865,0.604326074161271,0.632136550912301,0.663699234844026,0.67973808122425,0.723513831665686,0.790317834020012,0.838655091230135,0.841156562683932,0.875956444967628,0.902736904061212,0.906489111241907,0.943937610359035,0.961815773984697,0.951074161271336,0.954090641553855,0.961889346674514,0.968584461447911,0.982857563272513,0.978811065332549,0.981091818716892,0.978958210712184,0.984476162448499,0.987566215420836,0.985285462036492,0.986977633902295,0.986977633902295,0.99102413184226,0.99014125956445,0.990288404944085,0.990361977633902,0.995070629782225,0.993231312536786,0.995144202472042,0.997057092407298
0.529576221306651,0.51015303119482,0.582474985285462,0.542598587404356,0.556577398469688,0.563493231312537,0.596233078281342,0.614331959976457,0.642731018246027,0.652589758681577,0.696806945261919,0.725721012360212,0.792672160094173,0.822248381400824,0.845938787522072,0.887580929958799,0.894570335491466,0.920541494997057,0.931062389640965,0.941951147733961,0.94827839905827,0.964096527369041,0.972925250147145,0.969173042966451,0.956444967628016,0.974249558563861,0.976456739258387,0.977928193054738,0.976824602707475,0.98594761624485,0.987566215420836,0.98683048852266,0.00132430841671572,0.988375515008829,0.0011035903472631,0.993010594467334,0,0.991097704532078,0,0.00264861683343143,0.99610064743967
0.479620364920541,0.527369040612125,0.524646851088876,0.553193054738081,0.576074161271336,0.580856386109476,0.602781047675103,0.590347263095939,0.635815185403178,0.659064155385521,0.729988228369629,0.729914655679812,0.804885226603885,0.83791936433196,0.880150088287228,0.898763978811065,0.893761035903473,0.932828134196586,0.931945261918776,0.945409064155386,0.947763390229547,0.964758681577399,0.971453796350795,0.970497351383167,0.97638316656857,0.967480871100647,0.982710417892878,0.981974690994703,0.979914655679812,0.988081224249559,0.986683343143025,0.98204826368452,0.991465567981165,0.979399646851089,0.988964096527369,0.992348440258976,0.997939964685109,0.992127722189523,0.997057092407298,0.989920541494997,0.99610064743967
0.500441436138905,0.461374337845792,0.538184226015303,0.54127427898764,0.540464979399647,0.57776633313714,0.592333725721012,0.570188346085933,0.622277810476751,0.633534432018835,0.739773396115362,0.742274867569158,0.796203649205415,0.825927015891701,0.848587404355503,0.895453207769276,0.911933490288405,0.916642142436727,0.921571512654503,0.948351971748087,0.961080047086522,0.956371394938199,0.963434373160683,0.963287227781048,0.97307239552678,0.975647439670394,0.974249558563861,0.981901118304885,0.979031783402001,0.975206003531489,0.986021188934668,0.985800470865215,0.988007651559741,0.988669805768099,0.993157739846969,0.988743378457916,0.990803413772808,0.991907004120071,0.992274867569158,0.994187757504414,0.994997057092407
0.501030017657446,0.50058858151854,0.56069746909947,0.556798116539141,0.549587992937022,0.58791936433196,0.588140082401413,0.566288993525603,0.620732783990583,0.6812095350206,0.745879929370218,0.718437316068275,0.776118304885227,0.822763390229547,0.859255444379047,0.853148911124191,0.91656856974691,0.924514420247204,0.938640376692172,0.937831077104179,0.942171865803414,0.954017068864038,0.960932901706886,0.957401412595644,0.971527369040612,0.970644496762802,0.975426721600942,0.980282519128899,0.980944673337257,0.98145968216598,0.985138316656857,0.982931135962331,0.98624190700412,0.984917598587404,0.985726898175397,0.989994114184815,0.99102413184226,0.994040612124779,0.993304885226604,0.997130665097116,0.998087110064744
0.518981753972925,0.476236021188935,0.542083578575633,0.571880517951736,0.536418481459682,0.563051795173632,0.610726898175397,0.584902884049441,0.613596233078281,0.675029429075927,0.731238964096527,0.722042377869335,0.757357268981754,0.826662742789876,0.872277810476751,0.877722189523249,0.899499705709241,0.909137728075338,0.946806945261919,0.948793407886992,0.945776927604473,0.962698646262507,0.965494408475574,0.964317245438493,0.966082989994114,0.970938787522072,0.973513831665686,0.98087110064744,0.986756915832843,0.989552678045909,0.988596233078281,0.989699823425544,0.985726898175397,0.984476162448499,0.988007651559741,0.992937021777516,0.989258387286639,0.98984696880518,0.995953502060035,0.994776339022955,0.993010594467334
0.498234255444379,0.512139493819894,0.498381400824014,0.518908181283108,0.57923778693349,0.607710417892878,0.592554443790465,0.645821071218364,0.607416127133608,0.649278987639788,0.700706297822248,0.742201294879341,0.784137728075338,0.815847557386698,0.854546792230724,0.870879929370218,0.903178340200118,0.920909358446145,0.936286050618011,0.942098293113596,0.953796350794585,0.955047086521483,0.962772218952325,0.969025897586816,0.975353148911124,0.97667745732784,0.978516774573278,0.975279576221307,0.985138316656857,0.986168334314303,0.98175397292525,0.981091818716892,0.983298999411419,0.992201294879341,0.993010594467334,0.99014125956445,0.991097704532078,0.997057092407298,0.99492348440259,0.990214832254267,0.998969982342554
0.516185991759859,0.480135373749264,0.536271336080047,0.52332254267216,0.524941141848146,0.599249558563861,0.592848734549735,0.590347263095939,0.613375515008829,0.658107710417893,0.690258975868158,0.736683343143025,0.763978811065332,0.834608593290171,0.874043555032372,0.874632136550912,0.90222189523249,0.938493231312537,0.929517363154797,0.928634490876986,0.948940553266627,0.957254267216009,0.964905826957034,0.961521483225427,0.972263095938788,0.981974690994703,0.97307239552678,0.980723955267805,0.985800470865215,0.985800470865215,0.977413184226015,0.98683048852266,0.992127722189523,0.989773396115362,0.987934078869923,0.990950559152443,0.990067686874632,0.991171277221895,0.993084167157151,0.994849911712772,0.995732783990583
0.481974690994703,0.513684520306062,0.514861683343143,0.584240729841083,0.565553266627428,0.568128310771042,0.588875809299588,0.59777810476751,0.643393172454385,0.686286050618011,0.707107121836374,0.720718069452619,0.781562683931725,0.811433195997646,0.854178928781636,0.879929370217775,0.919879340788699,0.91715715126545,0.928119482048264,0.937683931724544,0.963949381989405,0.960712183637434,0.961815773984697,0.969246615656268,0.976603884638022,0.981386109476162,0.972851677457328,0.979252501471454,0.973219540906415,0.983887580929959,0.989037669217187,0.988301942319011,0.989699823425544,0.991171277221895,0.992863449087699,0.994702766333137,0.991759858740436,0.994114184814597,0.990288404944085,0.996983519717481,0.991833431430253
0.504267216009417,0.51375809299588,0.499190700412007,0.563198940553267,0.590641553855209,0.562757504414361,0.586374337845792,0.621542083578576,0.634196586227192,0.673484402589759,0.686212477928193,0.733740435550324,0.750367863449088,0.862566215420836,0.869261330194232,0.88427015891701,0.895158917010006,0.903031194820483,0.938125367863449,0.95453207769276,0.951883460859329,0.956812831077104,0.962551500882872,0.968731606827546,0.977045320776928,0.97638316656857,0.982195409064155,0.982931135962331,0.981901118304885,0.982783990582696,0.985874043555032,0.981386109476162,0.981974690994703,0.988375515008829,0.992716303708064,0.987860506180106,0.992127722189523,0.997130665097116,0.991980576809888,0.992937021777516,0.99610064743967
0.537154208357858,0.514420247204238,0.504561506768687,0.542304296645085,0.574970570924073,0.571806945261919,0.607857563272513,0.634049440847557,0.617054149499706,0.643613890523838,0.689670394349617,0.759049440847557,0.786050618010595,0.809299587992937,0.857857563272513,0.897807533843437,0.903546203649205,0.932165979988228,0.936948204826368,0.943275456150677,0.943864037669217,0.955341377280753,0.962110064743967,0.960859329017069,0.971453796350795,0.969688051795174,0.979326074161271,0.985064743967039,0.980208946439082,0.984402589758682,0.987639788110653,0.988449087698646,0.98683048852266,0.988816951147734,0.988154796939376,0.996762801648028,0.988669805768099,0.994334902884049,0.991759858740436,0.997939964685109,0.994997057092407
